Optimization summary
Timestamp: 2026-03-26T18:15:46.934
Tspan = (0, 50)
#timepoints = 500

Best parameters:
param[1] = -0.9931435599260612
param[2] = -0.9524907516284228

Best score (mean metric): -52.5

BlackBoxOptim summary:

BlackBoxOptim.OptimizationResults("adaptive_de_rand_1_bin_radiuslimited", "Max time (60.0 s) reached", 62, 1.774563286144907e9, 60.78853893280029, ParamsDictChain[ParamsDictChain[Dict{Symbol, Any}(:NumDimensions => 2, :MaxTime => 60.0, :SearchRange => [(-1.0, 1.0), (-1.0, 1.0)], :TraceMode => :compact, :MaxFuncEvals => 0, :MaxSteps => 0),Dict{Symbol, Any}()],Dict{Symbol, Any}(:CallbackInterval => -1.0, :TargetFitness => nothing, :TraceMode => :compact, :FitnessScheme => ScalarFitnessScheme{true}(), :MinDeltaFitnessTolerance => 1.0e-50, :NumDimensions => :NotSpecified, :FitnessTolerance => 1.0e-8, :TraceInterval => 0.5, :MaxStepsWithoutProgress => 10000, :MaxSteps => 10000, :SaveParameters => false, :CallbackFunction => BlackBoxOptim.var"#114#115"(), :PopulationSize => 50, :SearchSpace => false, :MaxTime => 0.0, :SearchRange => (-1.0, 1.0), :Method => :adaptive_de_rand_1_bin_radiuslimited, :NumRepetitions => 1, :MaxNumStepsWithoutFuncEvals => 100, :MaxFuncEvals => 0, :SaveTrace => false, :SaveFitnessTraceToCsv => false)], 111, ScalarFitnessScheme{true}(), BlackBoxOptim.TopListArchiveOutput{Float64, Vector{Float64}}(52.5, [-0.9931435599260612, -0.9524907516284228]), BlackBoxOptim.PopulationOptimizerOutput{FitPopulation{Float64}}(FitPopulation{Float64}([-0.17739418562954856 -0.9991576807323486 -0.6468576211547323 0.468044633420563 -0.5520249354360338 0.060656604463391606 -0.9079243995739322 0.8741296722238892 -0.9931435599260612 -0.1498475285516666 -0.2755966295539547 -0.49708854582068573 -0.03500832171692392 -0.864229785303366 0.5538205840848271 -0.5024302749818692 0.9953830815314242 -0.22034467216811815 -0.9757792175466877 0.9082426076612271 -0.7681781220986112 0.6507623890963661 0.024394994626667943 0.1435548823809738 -0.6108825999509357 0.3029729394111329 0.07033857336550942 -0.22013519368339296 -0.3201333883424927 -0.9297822021741382 -0.03425430005814023 -0.7204866028478297 -0.4017303618398037 -0.8018750149086064 -0.45269869350950465 -0.7242261208702555 -0.656870722137544 -0.6180666724171388 0.3471059963039833 0.5739598097555425 -0.10747517648174554 -0.23062634908560653 -0.9058755342240316 -0.690063399124501 -0.41908329845922854 -0.4464384841851371 0.24083472326680677 0.38286345510091824 -0.5997020797546854 -0.9137855652335183; 0.3954181034201165 -0.16391680693553912 -0.8160668185832318 0.8424836707740984 -0.9301422379627655 0.09021459621231998 -0.45904614982157743 -0.15964405659969239 -0.9524907516284228 0.7500126080630064 -0.8166327676062944 0.7299754033482285 0.65814588872582 -0.7251308342566378 0.712878522965416 0.5094785850944488 -0.8472738286565229 0.9250111686902032 -0.5388302216365584 0.2946814424953599 -0.691464645693654 -0.4144480745388026 -0.9166959803932501 -0.020835500813138674 0.42785266104387265 0.4503970330211125 0.8006439772453717 0.8128275465481642 0.6078447782403519 0.44635329515854116 0.21336322757849457 0.2537073078414154 0.6251504968894657 0.9633473055683661 0.6781867105052231 0.9372327159241187 -0.09490475919272712 -0.7877967223187732 0.2344312381928173 0.160855140885875 0.6167988277608383 0.5788790994798023 -0.6382651918432618 0.7696708385618141 -0.4034542884560324 0.6479005892713734 0.4612860763420473 0.6157200079264751 0.9087692521631467 -0.5647659096309898], NaN, [NaN, 83.33333333333333, 59.0, NaN, NaN, 85.6, 60.857142857142854, 92.33333333333333, 52.5, 69.33333333333333, NaN, 67.16666666666667, NaN, NaN, NaN, NaN, NaN, NaN, 59.0, NaN, NaN, NaN, NaN, NaN, NaN, 85.6, 81.66666666666667, 69.5, 67.5, 90.77777777777777, 69.11111111111111, 92.0, NaN, NaN, 67.5, 69.0, NaN, 63.125, NaN, 86.0, 69.66666666666667, 67.0, NaN, NaN, 94.25, 67.0, 83.33333333333333, 82.0, NaN, 59.833333333333336], 0, BlackBoxOptim.Candidate{Float64}[BlackBoxOptim.Candidate{Float64}([-0.8018750149086064, 0.9633473055683661], 34, 73.0, BlackBoxOptim.AdaptiveDiffEvoRandBin{3}(BlackBoxOptim.AdaptiveDiffEvoParameters(BlackBoxOptim.BimodalCauchy(Distributions.Cauchy{Float64}(μ=0.65, σ=0.1), Distributions.Cauchy{Float64}(μ=1.0, σ=0.1), 0.5, false, true), BlackBoxOptim.BimodalCauchy(Distributions.Cauchy{Float64}(μ=0.1, σ=0.1), Distributions.Cauchy{Float64}(μ=0.95, σ=0.1), 0.5, false, true), [0.5391160178597945, 0.5191220340326225, 1.0, 0.8778802524086172, 1.0, 0.9319029496599006, 0.9369140605453358, 0.8061722639560693, 1.0, 0.9868383931574433, 0.6308719915092151, 0.6473353763885054, 0.8144898910435396, 0.7959910355773255, 1.0, 0.6804147210489787, 0.8671625810308693, 1.0, 0.2823568893905469, 0.6083890647521376, 1.0, 1.0, 0.4854987920141801, 0.6767892784706517, 1.0, 0.9097916706058862, 0.6656063529515445, 1.0, 0.631727222417618, 0.6096246302589547, 1.0, 0.6139495696723942, 0.36848001236959554, 1.0, 0.9941254382780379, 0.7665443130128172, 1.0, 0.3577104311879114, 0.46385332988406125, 0.9696200775323358, 0.6121476472896874, 1.0, 0.9561124476574419, 0.9443044431604782, 0.7447401642819835, 1.0, 0.8949000129799869, 0.5875055187836773, 0.8890273835119556, 0.5289123749037564], [0.17335567473228286, 0.001952152201754348, 0.11525694428469827, 0.1676335852980746, 0.14627068071269342, 1.0, 1.0, 0.06863332012755827, 0.03610260200923178, 1.0, 0.8929136627998949, 0.36000137706602975, 0.6067729852103272, 0.715208075549626, 0.06706782546122744, 0.8978515433856399, 0.012543752006622652, 0.7844540139619433, 0.4720601574836082, 0.19526196354663275, 0.015730765960336582, 1.0, 0.05996840930906114, 0.6682695607869241, 0.4482190328684248, 0.13187335293713745, 0.9108453549824541, 1.0, 0.016807848014530807, 0.06810468655053267, 1.0, 0.8428344724913324, 1.0, 0.025939741433688532, 0.36939750779752745, 1.0, 0.24703077374687843, 1.0, 0.9407297984178412, 1.0, 1.0, 0.15615940510193801, 1.0, 1.0, 1.0, 0.6618324462195575, 0.886756182736601, 0.6591053674830083, 0.8705260925884646, 0.05323038587355962])), 0), BlackBoxOptim.Candidate{Float64}([-0.42799277337259306, 0.47768912377502204], 34, 75.66666666666667, BlackBoxOptim.AdaptiveDiffEvoRandBin{3}(BlackBoxOptim.AdaptiveDiffEvoParameters(BlackBoxOptim.BimodalCauchy(Distributions.Cauchy{Float64}(μ=0.65, σ=0.1), Distributions.Cauchy{Float64}(μ=1.0, σ=0.1), 0.5, false, true), BlackBoxOptim.BimodalCauchy(Distributions.Cauchy{Float64}(μ=0.1, σ=0.1), Distributions.Cauchy{Float64}(μ=0.95, σ=0.1), 0.5, false, true), [0.5391160178597945, 0.5191220340326225, 1.0, 0.8778802524086172, 1.0, 0.9319029496599006, 0.9369140605453358, 0.8061722639560693, 1.0, 0.9868383931574433, 0.6308719915092151, 0.6473353763885054, 0.8144898910435396, 0.7959910355773255, 1.0, 0.6804147210489787, 0.8671625810308693, 1.0, 0.2823568893905469, 0.6083890647521376, 1.0, 1.0, 0.4854987920141801, 0.6767892784706517, 1.0, 0.9097916706058862, 0.6656063529515445, 1.0, 0.631727222417618, 0.6096246302589547, 1.0, 0.6139495696723942, 0.36848001236959554, 1.0, 0.9941254382780379, 0.7665443130128172, 1.0, 0.3577104311879114, 0.46385332988406125, 0.9696200775323358, 0.6121476472896874, 1.0, 0.9561124476574419, 0.9443044431604782, 0.7447401642819835, 1.0, 0.8949000129799869, 0.5875055187836773, 0.8890273835119556, 0.5289123749037564], [0.17335567473228286, 0.001952152201754348, 0.11525694428469827, 0.1676335852980746, 0.14627068071269342, 1.0, 1.0, 0.06863332012755827, 0.03610260200923178, 1.0, 0.8929136627998949, 0.36000137706602975, 0.6067729852103272, 0.715208075549626, 0.06706782546122744, 0.8978515433856399, 0.012543752006622652, 0.7844540139619433, 0.4720601574836082, 0.19526196354663275, 0.015730765960336582, 1.0, 0.05996840930906114, 0.6682695607869241, 0.4482190328684248, 0.13187335293713745, 0.9108453549824541, 1.0, 0.016807848014530807, 0.06810468655053267, 1.0, 0.8428344724913324, 1.0, 0.025939741433688532, 0.36939750779752745, 1.0, 0.24703077374687843, 1.0, 0.9407297984178412, 1.0, 1.0, 0.15615940510193801, 1.0, 1.0, 1.0, 0.6618324462195575, 0.886756182736601, 0.6591053674830083, 0.8705260925884646, 0.05323038587355962])), 0)], Base.Threads.SpinLock(0))))
