Optimization summary
Timestamp: 2026-03-26T18:06:21.614
Tspan = (0, 50)
#timepoints = 500

Best parameters:
param[1] = -0.17739418562954856
param[2] = 0.3954181034201165

Best score (mean metric): -57.0

BlackBoxOptim summary:

BlackBoxOptim.OptimizationResults("adaptive_de_rand_1_bin_radiuslimited", "Max time (60.0 s) reached", 53, 1.774562721610855e9, 60.00176286697388, ParamsDictChain[ParamsDictChain[Dict{Symbol, Any}(:NumDimensions => 2, :MaxTime => 60.0, :SearchRange => [(-1.0, 1.0), (-1.0, 1.0)], :TraceMode => :compact, :MaxFuncEvals => 0, :MaxSteps => 0),Dict{Symbol, Any}()],Dict{Symbol, Any}(:CallbackInterval => -1.0, :TargetFitness => nothing, :TraceMode => :compact, :FitnessScheme => ScalarFitnessScheme{true}(), :MinDeltaFitnessTolerance => 1.0e-50, :NumDimensions => :NotSpecified, :FitnessTolerance => 1.0e-8, :TraceInterval => 0.5, :MaxStepsWithoutProgress => 10000, :MaxSteps => 10000, :SaveParameters => false, :CallbackFunction => BlackBoxOptim.var"#114#115"(), :PopulationSize => 50, :SearchSpace => false, :MaxTime => 0.0, :SearchRange => (-1.0, 1.0), :Method => :adaptive_de_rand_1_bin_radiuslimited, :NumRepetitions => 1, :MaxNumStepsWithoutFuncEvals => 100, :MaxFuncEvals => 0, :SaveTrace => false, :SaveFitnessTraceToCsv => false)], 95, ScalarFitnessScheme{true}(), BlackBoxOptim.TopListArchiveOutput{Float64, Vector{Float64}}(57.0, [-0.17739418562954856, 0.3954181034201165]), BlackBoxOptim.PopulationOptimizerOutput{FitPopulation{Float64}}(FitPopulation{Float64}([-0.17739418562954856 -0.9242301828719605 -0.565306847723078 0.468044633420563 -0.5520249354360338 0.4029086456836888 0.8391227887870565 0.8741296722238892 -0.9912565338072468 -0.1498475285516666 -0.9012570678983236 -0.49708854582068573 -0.03500832171692392 -0.4267783165040851 0.5538205840848271 -0.5024302749818692 0.9953830815314242 -0.22034467216811815 -0.9757792175466877 0.9082426076612271 -0.7681781220986112 0.6507623890963661 0.024394994626667943 -0.6163152487409608 -0.6108825999509357 -0.9169460430454319 -0.7480773667122089 0.483808700919133 -0.3201333883424927 0.7696877892034855 0.27785812904925544 0.7015852487715366 -0.4017303618398037 -0.8018750149086064 -0.45269869350950465 0.20524102624883445 -0.656870722137544 -0.07063581786950901 -0.2670902637482381 0.5739598097555425 -0.48799336106879626 0.7317561944693618 -0.9058755342240316 -0.690063399124501 -0.3740857873691257 -0.7402300053243831 0.6307323346712761 0.38286345510091824 -0.5997020797546854 -0.2786818246886634; 0.3954181034201165 -0.16391680693553912 -0.8770087293039641 0.8424836707740984 -0.9301422379627655 0.025885047517161253 -0.3429353159201691 -0.5086009227238002 -0.779667231120176 -0.9601093682608561 -0.26845160631246023 0.7299754033482285 0.65814588872582 0.8596330567150194 0.712878522965416 0.5094785850944488 -0.8472738286565229 0.9250111686902032 -0.5388302216365584 0.2946814424953599 -0.691464645693654 -0.4144480745388026 -0.9166959803932501 -0.7178743936591893 -0.9153127709414971 -0.849360971043578 -0.8237813793784287 -0.24468362606098182 0.26138738780411164 0.44635329515854116 -0.3837629184762883 -0.3075552663513401 0.6251504968894657 0.9633473055683661 0.3417821987659908 0.7300610139414543 -0.09490475919272712 0.5819342648823786 0.18490848290412004 0.5402549844646265 -0.004229318255544054 0.19026420688798917 -0.6382651918432618 0.7696708385618141 -0.20673583799710815 0.04732100029297093 -0.6494628928761872 0.27486683672074785 0.9087692521631467 -0.32563715636400203], NaN, [NaN, NaN, 66.5, NaN, NaN, NaN, NaN, NaN, NaN, NaN, 91.8, 60.285714285714285, NaN, 59.42857142857143, NaN, NaN, NaN, NaN, 61.333333333333336, NaN, NaN, NaN, NaN, 72.5, 66.38461538461539, 65.5, 63.25, NaN, 73.8, NaN, NaN, NaN, NaN, NaN, NaN, NaN, NaN, NaN, 74.0, NaN, 88.16666666666667, NaN, NaN, NaN, NaN, NaN, NaN, NaN, NaN, 105.8], 0, BlackBoxOptim.Candidate{Float64}[BlackBoxOptim.Candidate{Float64}([-0.6163152487409608, -0.7178743936591893], 24, 72.5, BlackBoxOptim.AdaptiveDiffEvoRandBin{3}(BlackBoxOptim.AdaptiveDiffEvoParameters(BlackBoxOptim.BimodalCauchy(Distributions.Cauchy{Float64}(μ=0.65, σ=0.1), Distributions.Cauchy{Float64}(μ=1.0, σ=0.1), 0.5, false, true), BlackBoxOptim.BimodalCauchy(Distributions.Cauchy{Float64}(μ=0.1, σ=0.1), Distributions.Cauchy{Float64}(μ=0.95, σ=0.1), 0.5, false, true), [1.0, 0.5191220340326225, 1.0, 0.8778802524086172, 0.5359537363129311, 0.9319029496599006, 0.9927965706908473, 0.8061722639560693, 0.6936698084835132, 0.6233031245856671, 0.9291968920655939, 0.7850054309554987, 0.7094913825260363, 1.0, 0.6389548220666474, 1.0, 0.8671625810308693, 1.0, 0.2823568893905469, 0.6083890647521376, 0.8217646598245093, 1.0, 0.4854987920141801, 0.9822278317471222, 1.0, 1.0, 1.0, 0.5993648088858151, 0.631727222417618, 0.6096246302589547, 1.0, 0.6139495696723942, 1.0, 0.25109178735738913, 1.0, 0.6810127641518415, 1.0, 1.0, 0.9800365244725573, 0.5309233776372257, 0.6121476472896874, 1.0, 0.7527128894236653, 0.9443044431604782, 0.8026388270957162, 0.39743332925653263, 0.518339909626154, 1.0, 0.8890273835119556, 0.716469512638839], [0.9447480458671437, 0.001952152201754348, 0.11525694428469827, 0.1676335852980746, 0.6067729852103272, 1.0, 0.2654350460983004, 0.06863332012755827, 0.09733537638850537, 1.0, 0.18715511883064806, 0.6065644801127081, 0.13955329068109906, 0.7894802227463399, 0.9079669471559889, 0.737593734891782, 0.012543752006622652, 0.7674590809263304, 0.4720601574836082, 0.19526196354663275, 1.0, 1.0, 0.05996840930906114, 1.0, 0.4482190328684248, 0.8981354941751116, 0.363966052709642, 0.14012303598638476, 0.016807848014530807, 0.06810468655053267, 1.0, 0.8428344724913324, 0.8193190978923676, 0.8980183376857533, 0.03750551878367724, 1.0, 0.24703077374687843, 0.9311138707663899, 0.4081965086249403, 1.0, 1.0, 0.8045054104611786, 0.2530005601119525, 1.0, 0.6705904591032201, 1.0, 0.03586619054834132, 0.9152219822207807, 0.8705260925884646, 0.8518061793746631])), 0), BlackBoxOptim.Candidate{Float64}([-0.5224091773368684, 0.08952735426453506], 24, 83.0, BlackBoxOptim.AdaptiveDiffEvoRandBin{3}(BlackBoxOptim.AdaptiveDiffEvoParameters(BlackBoxOptim.BimodalCauchy(Distributions.Cauchy{Float64}(μ=0.65, σ=0.1), Distributions.Cauchy{Float64}(μ=1.0, σ=0.1), 0.5, false, true), BlackBoxOptim.BimodalCauchy(Distributions.Cauchy{Float64}(μ=0.1, σ=0.1), Distributions.Cauchy{Float64}(μ=0.95, σ=0.1), 0.5, false, true), [1.0, 0.5191220340326225, 1.0, 0.8778802524086172, 0.5359537363129311, 0.9319029496599006, 0.9927965706908473, 0.8061722639560693, 0.6936698084835132, 0.6233031245856671, 0.9291968920655939, 0.7850054309554987, 0.7094913825260363, 1.0, 0.6389548220666474, 1.0, 0.8671625810308693, 1.0, 0.2823568893905469, 0.6083890647521376, 0.8217646598245093, 1.0, 0.4854987920141801, 0.9822278317471222, 1.0, 1.0, 1.0, 0.5993648088858151, 0.631727222417618, 0.6096246302589547, 1.0, 0.6139495696723942, 1.0, 0.25109178735738913, 1.0, 0.6810127641518415, 1.0, 1.0, 0.9800365244725573, 0.5309233776372257, 0.6121476472896874, 1.0, 0.7527128894236653, 0.9443044431604782, 0.8026388270957162, 0.39743332925653263, 0.518339909626154, 1.0, 0.8890273835119556, 0.716469512638839], [0.9447480458671437, 0.001952152201754348, 0.11525694428469827, 0.1676335852980746, 0.6067729852103272, 1.0, 0.2654350460983004, 0.06863332012755827, 0.09733537638850537, 1.0, 0.18715511883064806, 0.6065644801127081, 0.13955329068109906, 0.7894802227463399, 0.9079669471559889, 0.737593734891782, 0.012543752006622652, 0.7674590809263304, 0.4720601574836082, 0.19526196354663275, 1.0, 1.0, 0.05996840930906114, 1.0, 0.4482190328684248, 0.8981354941751116, 0.363966052709642, 0.14012303598638476, 0.016807848014530807, 0.06810468655053267, 1.0, 0.8428344724913324, 0.8193190978923676, 0.8980183376857533, 0.03750551878367724, 1.0, 0.24703077374687843, 0.9311138707663899, 0.4081965086249403, 1.0, 1.0, 0.8045054104611786, 0.2530005601119525, 1.0, 0.6705904591032201, 1.0, 0.03586619054834132, 0.9152219822207807, 0.8705260925884646, 0.8518061793746631])), 0)], Base.Threads.SpinLock(0))))
