Optimization summary
Timestamp: 2026-03-26T18:45:45.266
Tspan = (0, 50)
#timepoints = 500

Best parameters:
param[1] = -0.9814706267890423
param[2] = 0.9700553828790344

Best score (mean metric): -16.0

BlackBoxOptim summary:

BlackBoxOptim.OptimizationResults("adaptive_de_rand_1_bin_radiuslimited", "Max time (60.0 s) reached", 348, 1.774565085209533e9, 60.031259059906006, ParamsDictChain[ParamsDictChain[Dict{Symbol, Any}(:NumDimensions => 2, :MaxTime => 60.0, :SearchRange => [(-1.0, 1.0), (-1.0, 1.0)], :TraceMode => :compact, :MaxFuncEvals => 0, :MaxSteps => 0),Dict{Symbol, Any}()],Dict{Symbol, Any}(:CallbackInterval => -1.0, :TargetFitness => nothing, :TraceMode => :compact, :FitnessScheme => ScalarFitnessScheme{true}(), :MinDeltaFitnessTolerance => 1.0e-50, :NumDimensions => :NotSpecified, :FitnessTolerance => 1.0e-8, :TraceInterval => 0.5, :MaxStepsWithoutProgress => 10000, :MaxSteps => 10000, :SaveParameters => false, :CallbackFunction => BlackBoxOptim.var"#114#115"(), :PopulationSize => 50, :SearchSpace => false, :MaxTime => 0.0, :SearchRange => (-1.0, 1.0), :Method => :adaptive_de_rand_1_bin_radiuslimited, :NumRepetitions => 1, :MaxNumStepsWithoutFuncEvals => 100, :MaxFuncEvals => 0, :SaveTrace => false, :SaveFitnessTraceToCsv => false)], 446, ScalarFitnessScheme{true}(), BlackBoxOptim.TopListArchiveOutput{Float64, Vector{Float64}}(16.0, [-0.9814706267890423, 0.9700553828790344]), BlackBoxOptim.PopulationOptimizerOutput{FitPopulation{Float64}}(FitPopulation{Float64}([-0.9707378175436885 -0.9242301828719605 -0.062274411550888864 0.6091245730830392 -0.8400900457898915 0.9765968254759528 -0.8682908096220894 0.8741296722238892 -0.9912565338072468 0.6688279079819943 -0.49918782513790294 0.9563585802780568 -0.48871066944280595 -0.9620194118099975 0.9622580728088396 -0.5024302749818692 -0.3500052504350889 -0.9121033456177383 -0.8886601330787769 -0.929157372050051 -0.9068853189802109 -0.7766262615340921 -0.9800105128227294 0.2699273056340977 -0.7798667485336477 -0.793087142949565 0.3274300979752036 -0.8856603412371135 -0.7591413199782222 -0.7838281482347483 -0.7809912968096182 -0.8824479300305292 -0.8862417286186117 -0.8018750149086064 -0.7806157370281641 -0.9814706267890423 0.937604028438147 -0.9188930367964311 0.4529441877712913 -0.6061395475721191 0.5910959662362347 0.7317561944693618 0.7983506423900604 -0.690063399124501 -0.825552663769705 -0.966428201087859 -0.8880993736567053 -0.9843409364812193 -0.892277036339223 -0.919920566416131; 0.4302805545820655 0.8884112163390481 0.9630912025694576 0.8424836707740984 0.4327892253655341 0.7316819207419463 0.8597949707201296 0.3364564543305776 0.8930425648631254 0.12557063884541464 0.5133468530890563 0.48363457201810145 0.5447129674950452 0.9960473579399125 0.48750284001270894 0.5094785850944488 0.9118266329982022 0.5210252569634068 0.9516196035344465 0.5972372269198133 0.7953436471962427 0.9227502711886503 0.9236006229842726 0.21450184671139255 0.7686678696407181 0.7202192009430074 0.1879056579120858 0.9450348731065024 0.9517009939663145 0.8372265194153237 0.8716275668617187 0.9604240553425548 0.9986454188818028 0.9980451507513025 0.9866142947977885 0.9700553828790344 0.3769181199768381 0.8236862887262704 0.2344312381928173 0.8585050497831419 0.7618067882948399 0.3309946775024155 0.2910731275285442 0.9103856294048543 0.33776964475926236 0.9784470274585082 0.9716720602016613 0.9390209383367497 0.9087692521631467 0.6036532045762149], NaN, [37.0, 16.75, 50.5, 50.5, 40.5, 51.5, 18.25, 40.0, 16.25, 47.0, 49.5, 43.0, 51.0, 16.25, 43.0, NaN, 45.5, 34.75, 17.5, 34.0, 18.0, 30.0, 16.5, 52.0, 30.5, 30.0, 48.0, 17.5, 30.25, 29.5, 30.0, 18.0, 17.75, 20.25, 21.5, 16.0, 42.0, 17.0, 44.0, 35.0, 50.5, 42.0, 39.5, 32.5, 47.0, 16.25, 17.5, 16.25, 17.5, 34.0], 0, BlackBoxOptim.Candidate{Float64}[BlackBoxOptim.Candidate{Float64}([-0.7806157370281641, 0.9866142947977885], 35, 21.5, BlackBoxOptim.AdaptiveDiffEvoRandBin{3}(BlackBoxOptim.AdaptiveDiffEvoParameters(BlackBoxOptim.BimodalCauchy(Distributions.Cauchy{Float64}(μ=0.65, σ=0.1), Distributions.Cauchy{Float64}(μ=1.0, σ=0.1), 0.5, false, true), BlackBoxOptim.BimodalCauchy(Distributions.Cauchy{Float64}(μ=0.1, σ=0.1), Distributions.Cauchy{Float64}(μ=0.95, σ=0.1), 0.5, false, true), [1.0, 1.0, 0.5415690389692003, 1.0, 0.7472587166033866, 1.0, 1.0, 1.0, 0.7635359434192861, 0.3709043403689913, 0.5496150435054483, 0.3691418860322952, 0.9212416966532169, 1.0, 1.0, 0.6211915031995101, 1.0, 1.0, 0.6395023410568005, 0.9188583905872034, 0.9914808240473568, 1.0, 0.4854987920141801, 0.9822278317471222, 0.6050530175812854, 0.5387903172129251, 0.7426054741682528, 0.5202785567390295, 0.8778990158951516, 0.8573295189499281, 0.8677914743908763, 0.7832400367555967, 0.968931008686472, 0.4509232805296447, 1.0, 0.5896395251500877, 0.7190960236362514, 0.572788700949998, 0.853389216886661, 1.0, 0.13660949192294936, 0.375867200668948, 1.0, 0.9565375767317998, 0.5458153732758759, 1.0, 1.0, 0.6132215126540168, 0.6221821105886876, 0.7962361080442377], [1.0, 0.9645306930318784, 0.23789474112458842, 1.0, 0.8944871799133379, 0.08603041407493198, 1.0, 0.21476488681487776, 0.523959322726855, 0.09467374978437013, 0.3868971261032583, 0.15402280583269248, 0.08339180779440233, 0.18928775435316408, 1.0, 0.0841078890521193, 0.664061220026515, 0.9017936061282718, 0.2827527087573236, 0.1134008684919669, 0.2548145652460665, 0.9689414911873198, 0.05996840930906114, 1.0, 1.0, 0.9333548437805513, 0.23106384964619875, 1.0, 0.9898875707996175, 0.056825790124473564, 0.6759394236831786, 0.10171120802645198, 1.0, 0.11350163008601749, 0.20911612184403333, 0.3557405574349092, 0.11756446684480137, 0.6861883030140511, 0.05355001245568729, 1.0, 0.957205094531908, 0.20919245990036858, 0.5346402781047817, 0.07211670886539119, 0.9010839402601167, 1.0, 0.9402902941798181, 0.9128658364415462, 0.2631320606082963, 0.2551172228226183])), 0), BlackBoxOptim.Candidate{Float64}([-0.7288791616640135, 0.9866142947977885], 35, 31.0, BlackBoxOptim.AdaptiveDiffEvoRandBin{3}(BlackBoxOptim.AdaptiveDiffEvoParameters(BlackBoxOptim.BimodalCauchy(Distributions.Cauchy{Float64}(μ=0.65, σ=0.1), Distributions.Cauchy{Float64}(μ=1.0, σ=0.1), 0.5, false, true), BlackBoxOptim.BimodalCauchy(Distributions.Cauchy{Float64}(μ=0.1, σ=0.1), Distributions.Cauchy{Float64}(μ=0.95, σ=0.1), 0.5, false, true), [1.0, 1.0, 0.5415690389692003, 1.0, 0.7472587166033866, 1.0, 1.0, 1.0, 0.7635359434192861, 0.3709043403689913, 0.5496150435054483, 0.3691418860322952, 0.9212416966532169, 1.0, 1.0, 0.6211915031995101, 1.0, 1.0, 0.6395023410568005, 0.9188583905872034, 0.9914808240473568, 1.0, 0.4854987920141801, 0.9822278317471222, 0.6050530175812854, 0.5387903172129251, 0.7426054741682528, 0.5202785567390295, 0.8778990158951516, 0.8573295189499281, 0.8677914743908763, 0.7832400367555967, 0.968931008686472, 0.4509232805296447, 1.0, 0.5896395251500877, 0.7190960236362514, 0.572788700949998, 0.853389216886661, 1.0, 0.13660949192294936, 0.375867200668948, 1.0, 0.9565375767317998, 0.5458153732758759, 1.0, 1.0, 0.6132215126540168, 0.6221821105886876, 0.7962361080442377], [1.0, 0.9645306930318784, 0.23789474112458842, 1.0, 0.8944871799133379, 0.08603041407493198, 1.0, 0.21476488681487776, 0.523959322726855, 0.09467374978437013, 0.3868971261032583, 0.15402280583269248, 0.08339180779440233, 0.18928775435316408, 1.0, 0.0841078890521193, 0.664061220026515, 0.9017936061282718, 0.2827527087573236, 0.1134008684919669, 0.2548145652460665, 0.9689414911873198, 0.05996840930906114, 1.0, 1.0, 0.9333548437805513, 0.23106384964619875, 1.0, 0.9898875707996175, 0.056825790124473564, 0.6759394236831786, 0.10171120802645198, 1.0, 0.11350163008601749, 0.20911612184403333, 0.3557405574349092, 0.11756446684480137, 0.6861883030140511, 0.05355001245568729, 1.0, 0.957205094531908, 0.20919245990036858, 0.5346402781047817, 0.07211670886539119, 0.9010839402601167, 1.0, 0.9402902941798181, 0.9128658364415462, 0.2631320606082963, 0.2551172228226183])), 0)], Base.Threads.SpinLock(0))))
