Optimization summary
Timestamp: 2026-03-26T18:08:02.613
Tspan = (0, 50)
#timepoints = 500

Best parameters:
param[1] = -0.9912565338072468
param[2] = -0.779667231120176

Best score (mean metric): -60.861111111111114

BlackBoxOptim summary:

BlackBoxOptim.OptimizationResults("adaptive_de_rand_1_bin_radiuslimited", "Max time (60.0 s) reached", 44, 1.774562822466528e9, 60.14571404457092, ParamsDictChain[ParamsDictChain[Dict{Symbol, Any}(:NumDimensions => 2, :MaxTime => 60.0, :SearchRange => [(-1.0, 1.0), (-1.0, 1.0)], :TraceMode => :compact, :MaxFuncEvals => 0, :MaxSteps => 0),Dict{Symbol, Any}()],Dict{Symbol, Any}(:CallbackInterval => -1.0, :TargetFitness => nothing, :TraceMode => :compact, :FitnessScheme => ScalarFitnessScheme{true}(), :MinDeltaFitnessTolerance => 1.0e-50, :NumDimensions => :NotSpecified, :FitnessTolerance => 1.0e-8, :TraceInterval => 0.5, :MaxStepsWithoutProgress => 10000, :MaxSteps => 10000, :SaveParameters => false, :CallbackFunction => BlackBoxOptim.var"#114#115"(), :PopulationSize => 50, :SearchSpace => false, :MaxTime => 0.0, :SearchRange => (-1.0, 1.0), :Method => :adaptive_de_rand_1_bin_radiuslimited, :NumRepetitions => 1, :MaxNumStepsWithoutFuncEvals => 100, :MaxFuncEvals => 0, :SaveTrace => false, :SaveFitnessTraceToCsv => false)], 86, ScalarFitnessScheme{true}(), BlackBoxOptim.TopListArchiveOutput{Float64, Vector{Float64}}(60.861111111111114, [-0.9912565338072468, -0.779667231120176]), BlackBoxOptim.PopulationOptimizerOutput{FitPopulation{Float64}}(FitPopulation{Float64}([-0.17739418562954856 -0.9242301828719605 -0.565306847723078 0.468044633420563 -0.5520249354360338 0.4029086456836888 0.8391227887870565 0.8741296722238892 -0.9912565338072468 -0.8639854310340154 -0.2755966295539547 -0.49708854582068573 -0.8627471874725698 -0.864229785303366 0.5538205840848271 -0.5024302749818692 0.9953830815314242 -0.22034467216811815 0.06691171553356146 0.9082426076612271 -0.7681781220986112 0.6507623890963661 0.024394994626667943 -0.6163152487409608 -0.6108825999509357 -0.6410817639121391 0.11047663050712675 0.483808700919133 -0.3201333883424927 0.7696877892034855 0.27785812904925544 -0.5317052840694944 -0.4017303618398037 -0.8018750149086064 0.06615519993238062 0.20524102624883445 -0.656870722137544 -0.07063581786950901 -0.030639946321237108 -0.3875833957248206 -0.10747517648174554 0.877882400179046 -0.9058755342240316 -0.690063399124501 -0.553228924624469 -0.7402300053243831 0.6307323346712761 0.38286345510091824 -0.5997020797546854 -0.09492824358590513; 0.3954181034201165 -0.5617667009158077 -0.6324751903888723 0.8424836707740984 -0.9301422379627655 0.025885047517161253 -0.3429353159201691 -0.5086009227238002 -0.779667231120176 0.787008844310699 -0.8166327676062944 0.7299754033482285 -0.928530772127605 -0.9123229541219894 0.712878522965416 0.5094785850944488 -0.8472738286565229 0.9250111686902032 -0.5388302216365584 0.2946814424953599 -0.691464645693654 -0.4144480745388026 -0.9166959803932501 -0.7178743936591893 -0.9153127709414971 -0.7165214987458015 -0.04227160554423093 -0.24468362606098182 0.26138738780411164 0.44635329515854116 -0.3837629184762883 0.566805011641308 0.6251504968894657 0.9633473055683661 0.3417821987659908 0.7300610139414543 -0.09490475919272712 0.5819342648823786 0.9348102659057637 0.5402549844646265 0.6167988277608383 0.8443446641886152 -0.6382651918432618 0.7696708385618141 -0.14533120767160623 0.04732100029297093 -0.6494628928761872 0.27486683672074785 0.9087692521631467 -0.5647659096309898], NaN, [NaN, 62.934065934065934, 97.2528409090909, NaN, NaN, NaN, NaN, NaN, NaN, 77.66666666666666, NaN, 67.12878787878788, 61.74444444444444, 61.650000000000006, NaN, NaN, NaN, NaN, NaN, NaN, NaN, NaN, NaN, 77.5, 66.56666666666666, 71.0625, NaN, NaN, 78.96875, NaN, NaN, 73.92105263157895, NaN, NaN, 79.5, NaN, NaN, NaN, 76.53021978021977, 66.86931818181819, 71.35897435897436, 86.23076923076923, NaN, NaN, 94.0, NaN, NaN, NaN, NaN, NaN], 0, BlackBoxOptim.Candidate{Float64}[BlackBoxOptim.Candidate{Float64}([-0.07063581786950901, 0.5819342648823786], 38, 71.44642857142857, BlackBoxOptim.AdaptiveDiffEvoRandBin{3}(BlackBoxOptim.AdaptiveDiffEvoParameters(BlackBoxOptim.BimodalCauchy(Distributions.Cauchy{Float64}(μ=0.65, σ=0.1), Distributions.Cauchy{Float64}(μ=1.0, σ=0.1), 0.5, false, true), BlackBoxOptim.BimodalCauchy(Distributions.Cauchy{Float64}(μ=0.1, σ=0.1), Distributions.Cauchy{Float64}(μ=0.95, σ=0.1), 0.5, false, true), [1.0, 0.5191220340326225, 1.0, 0.8778802524086172, 0.5359537363129311, 0.9319029496599006, 0.9927965706908473, 0.8061722639560693, 1.0, 0.6233031245856671, 0.6742933818849176, 0.7850054309554987, 1.0, 0.9657341870060667, 1.0, 1.0, 0.8671625810308693, 1.0, 0.2823568893905469, 0.6083890647521376, 0.8217646598245093, 1.0, 0.4854987920141801, 0.8881985788977542, 1.0, 1.0, 0.6656063529515445, 0.5993648088858151, 0.631727222417618, 0.6096246302589547, 1.0, 0.6139495696723942, 0.9588445727994442, 0.25109178735738913, 0.6029919255957275, 0.6810127641518415, 0.613717022428535, 1.0, 0.46385332988406125, 0.9199279566815194, 0.6121476472896874, 0.8267287431673153, 0.9561124476574419, 0.6327246199840231, 1.0, 0.39743332925653263, 0.518339909626154, 1.0, 0.8890273835119556, 1.0], [0.9447480458671437, 0.001952152201754348, 0.11525694428469827, 0.1676335852980746, 0.6067729852103272, 1.0, 0.2654350460983004, 0.06863332012755827, 0.03610260200923178, 1.0, 1.0, 0.6065644801127081, 1.0, 0.09789842626418935, 0.06706782546122744, 0.737593734891782, 0.012543752006622652, 0.7674590809263304, 0.4720601574836082, 0.19526196354663275, 1.0, 1.0, 0.05996840930906114, 0.13322628778399262, 0.4482190328684248, 0.8981354941751116, 0.9108453549824541, 0.14012303598638476, 0.016807848014530807, 0.06810468655053267, 1.0, 0.8428344724913324, 1.0, 0.8980183376857533, 0.10797742073805987, 1.0, 0.44948070913407856, 0.363966052709642, 0.9407297984178412, 0.08247754812770042, 1.0, 1.0, 1.0, 0.3883851658506702, 0.41673880987400935, 1.0, 0.03586619054834132, 0.9152219822207807, 0.8705260925884646, 0.369096414398408])), 0), BlackBoxOptim.Candidate{Float64}([-0.11862365010909381, -0.8428859408234176], 38, 110.78846153846155, BlackBoxOptim.AdaptiveDiffEvoRandBin{3}(BlackBoxOptim.AdaptiveDiffEvoParameters(BlackBoxOptim.BimodalCauchy(Distributions.Cauchy{Float64}(μ=0.65, σ=0.1), Distributions.Cauchy{Float64}(μ=1.0, σ=0.1), 0.5, false, true), BlackBoxOptim.BimodalCauchy(Distributions.Cauchy{Float64}(μ=0.1, σ=0.1), Distributions.Cauchy{Float64}(μ=0.95, σ=0.1), 0.5, false, true), [1.0, 0.5191220340326225, 1.0, 0.8778802524086172, 0.5359537363129311, 0.9319029496599006, 0.9927965706908473, 0.8061722639560693, 1.0, 0.6233031245856671, 0.6742933818849176, 0.7850054309554987, 1.0, 0.9657341870060667, 1.0, 1.0, 0.8671625810308693, 1.0, 0.2823568893905469, 0.6083890647521376, 0.8217646598245093, 1.0, 0.4854987920141801, 0.8881985788977542, 1.0, 1.0, 0.6656063529515445, 0.5993648088858151, 0.631727222417618, 0.6096246302589547, 1.0, 0.6139495696723942, 0.9588445727994442, 0.25109178735738913, 0.6029919255957275, 0.6810127641518415, 0.613717022428535, 1.0, 0.46385332988406125, 0.9199279566815194, 0.6121476472896874, 0.8267287431673153, 0.9561124476574419, 0.6327246199840231, 1.0, 0.39743332925653263, 0.518339909626154, 1.0, 0.8890273835119556, 1.0], [0.9447480458671437, 0.001952152201754348, 0.11525694428469827, 0.1676335852980746, 0.6067729852103272, 1.0, 0.2654350460983004, 0.06863332012755827, 0.03610260200923178, 1.0, 1.0, 0.6065644801127081, 1.0, 0.09789842626418935, 0.06706782546122744, 0.737593734891782, 0.012543752006622652, 0.7674590809263304, 0.4720601574836082, 0.19526196354663275, 1.0, 1.0, 0.05996840930906114, 0.13322628778399262, 0.4482190328684248, 0.8981354941751116, 0.9108453549824541, 0.14012303598638476, 0.016807848014530807, 0.06810468655053267, 1.0, 0.8428344724913324, 1.0, 0.8980183376857533, 0.10797742073805987, 1.0, 0.44948070913407856, 0.363966052709642, 0.9407297984178412, 0.08247754812770042, 1.0, 1.0, 1.0, 0.3883851658506702, 0.41673880987400935, 1.0, 0.03586619054834132, 0.9152219822207807, 0.8705260925884646, 0.369096414398408])), 0)], Base.Threads.SpinLock(0))))
