Optimization summary
Timestamp: 2026-03-26T18:20:43.565
Tspan = (0, 50)
#timepoints = 500

Best parameters:
param[1] = -0.9931435599260612
param[2] = -0.9524907516284228

Best score (mean metric): -53.25

BlackBoxOptim summary:

BlackBoxOptim.OptimizationResults("adaptive_de_rand_1_bin_radiuslimited", "Max time (60.0 s) reached", 53, 1.774563583377955e9, 60.185543060302734, ParamsDictChain[ParamsDictChain[Dict{Symbol, Any}(:NumDimensions => 2, :MaxTime => 60.0, :SearchRange => [(-1.0, 1.0), (-1.0, 1.0)], :TraceMode => :compact, :MaxFuncEvals => 0, :MaxSteps => 0),Dict{Symbol, Any}()],Dict{Symbol, Any}(:CallbackInterval => -1.0, :TargetFitness => nothing, :TraceMode => :compact, :FitnessScheme => ScalarFitnessScheme{true}(), :MinDeltaFitnessTolerance => 1.0e-50, :NumDimensions => :NotSpecified, :FitnessTolerance => 1.0e-8, :TraceInterval => 0.5, :MaxStepsWithoutProgress => 10000, :MaxSteps => 10000, :SaveParameters => false, :CallbackFunction => BlackBoxOptim.var"#114#115"(), :PopulationSize => 50, :SearchSpace => false, :MaxTime => 0.0, :SearchRange => (-1.0, 1.0), :Method => :adaptive_de_rand_1_bin_radiuslimited, :NumRepetitions => 1, :MaxNumStepsWithoutFuncEvals => 100, :MaxFuncEvals => 0, :SaveTrace => false, :SaveFitnessTraceToCsv => false)], 98, ScalarFitnessScheme{true}(), BlackBoxOptim.TopListArchiveOutput{Float64, Vector{Float64}}(53.25, [-0.9931435599260612, -0.9524907516284228]), BlackBoxOptim.PopulationOptimizerOutput{FitPopulation{Float64}}(FitPopulation{Float64}([-0.17739418562954856 -0.9242301828719605 -0.2900322376017026 0.468044633420563 -0.5520249354360338 0.4029086456836888 0.8391227887870565 0.8741296722238892 -0.9931435599260612 -0.05596992133065837 -0.2755966295539547 -0.49708854582068573 -0.03500832171692392 -0.864229785303366 0.5538205840848271 -0.5024302749818692 0.9953830815314242 -0.22034467216811815 -0.9757792175466877 0.9082426076612271 -0.7681781220986112 -0.3074851460383152 0.024394994626667943 0.1435548823809738 0.9848857745086395 0.3029729394111329 0.11047663050712675 -0.22013519368339296 -0.3201333883424927 0.7696877892034855 -0.03425430005814023 -0.1873537095770356 -0.4017303618398037 -0.8018750149086064 -0.45269869350950465 0.013482744834615285 0.2415685691378873 -0.07063581786950901 0.3471059963039833 0.5739598097555425 -0.10747517648174554 0.7317561944693618 -0.9058755342240316 -0.5216300393894633 -0.41908329845922854 0.7897719448550731 0.6307323346712761 0.38286345510091824 -0.5997020797546854 -0.09492824358590513; 0.3954181034201165 -0.16391680693553912 0.5923724286915526 0.8424836707740984 -0.9301422379627655 0.025885047517161253 -0.3429353159201691 -0.15964405659969239 -0.9524907516284228 0.7523239170138858 -0.8166327676062944 0.7299754033482285 0.65814588872582 -0.7251308342566378 0.712878522965416 0.5094785850944488 0.11154753645821858 0.9250111686902032 -0.5388302216365584 0.2946814424953599 -0.6755649759457303 0.19885939890328885 -0.9166959803932501 -0.020835500813138674 0.8126761633187796 0.8604409475134365 -0.04227160554423093 0.8128275465481642 0.30804326597580356 0.44635329515854116 0.21336322757849457 0.24354086704477157 0.6251504968894657 0.9633473055683661 0.3417821987659908 0.3485153876025331 0.3223256864396627 0.5819342648823786 0.2344312381928173 0.5402549844646265 0.6167988277608383 0.19026420688798917 -0.6382651918432618 -0.8531377362046789 -0.4034542884560324 0.04732100029297093 0.2717169736216913 0.27486683672074785 0.9087692521631467 -0.01820863326281219], NaN, [NaN, NaN, 73.2, NaN, NaN, NaN, NaN, 96.0, 53.25, 82.0, NaN, 75.75, NaN, NaN, NaN, NaN, 95.0, NaN, 55.6, NaN, 57.0, 93.0, NaN, NaN, 88.0, 81.25, NaN, 76.75, 84.0, NaN, 81.42857142857143, 78.5, NaN, NaN, NaN, 82.5, 85.75, NaN, NaN, NaN, 81.85714285714286, NaN, NaN, 71.0, 97.8, 97.0, 89.5, NaN, NaN, 98.75], 0, BlackBoxOptim.Candidate{Float64}[BlackBoxOptim.Candidate{Float64}([-0.2900322376017026, 0.5923724286915526], 3, 73.2, BlackBoxOptim.AdaptiveDiffEvoRandBin{3}(BlackBoxOptim.AdaptiveDiffEvoParameters(BlackBoxOptim.BimodalCauchy(Distributions.Cauchy{Float64}(μ=0.65, σ=0.1), Distributions.Cauchy{Float64}(μ=1.0, σ=0.1), 0.5, false, true), BlackBoxOptim.BimodalCauchy(Distributions.Cauchy{Float64}(μ=0.1, σ=0.1), Distributions.Cauchy{Float64}(μ=0.95, σ=0.1), 0.5, false, true), [1.0, 0.5191220340326225, 0.9511960925627361, 0.8778802524086172, 1.0, 0.9319029496599006, 0.9990565432112468, 0.8061722639560693, 0.5108370903822853, 1.0, 0.6742933818849176, 0.6473353763885054, 0.8144898910435396, 0.7959910355773255, 1.0, 0.6804147210489787, 0.8671625810308693, 1.0, 0.2823568893905469, 0.6083890647521376, 1.0, 1.0, 0.4854987920141801, 1.0, 1.0, 0.9314606835199408, 0.6656063529515445, 1.0, 0.631727222417618, 1.0, 1.0, 0.6139495696723942, 0.6136755461130264, 0.25109178735738913, 0.6029919255957275, 0.7665443130128172, 0.5929694704205186, 0.3577104311879114, 0.46385332988406125, 0.9199279566815194, 0.6121476472896874, 1.0, 1.0, 0.9443044431604782, 0.7977719803493121, 1.0, 0.518339909626154, 1.0, 0.5309233776372257, 0.5289123749037564], [0.8791968920655938, 0.001952152201754348, 0.27161638270134625, 0.1676335852980746, 0.20598990076440152, 1.0, 1.0, 0.06863332012755827, 0.07678015122771444, 0.9551672752675588, 1.0, 0.36000137706602975, 0.6067729852103272, 0.715208075549626, 0.06706782546122744, 0.8978515433856399, 0.012543752006622652, 1.0, 0.4720601574836082, 0.19526196354663275, 0.015730765960336582, 1.0, 0.05996840930906114, 0.7861879047932534, 0.4482190328684248, 0.20768241586142974, 0.9108453549824541, 1.0, 0.016807848014530807, 0.07715371252044466, 1.0, 0.8428344724913324, 0.1281803434075848, 0.8980183376857533, 0.10797742073805987, 1.0, 0.9121625490825495, 1.0, 0.9407297984178412, 0.08247754812770042, 1.0, 0.8045054104611786, 0.06322599245730134, 1.0, 0.14892506852389403, 0.6618324462195575, 0.03586619054834132, 0.10065750901673878, 1.0, 0.05323038587355962])), 0), BlackBoxOptim.Candidate{Float64}([0.3144834520606432, 0.5923724286915526], 3, 82.5, BlackBoxOptim.AdaptiveDiffEvoRandBin{3}(BlackBoxOptim.AdaptiveDiffEvoParameters(BlackBoxOptim.BimodalCauchy(Distributions.Cauchy{Float64}(μ=0.65, σ=0.1), Distributions.Cauchy{Float64}(μ=1.0, σ=0.1), 0.5, false, true), BlackBoxOptim.BimodalCauchy(Distributions.Cauchy{Float64}(μ=0.1, σ=0.1), Distributions.Cauchy{Float64}(μ=0.95, σ=0.1), 0.5, false, true), [1.0, 0.5191220340326225, 0.9511960925627361, 0.8778802524086172, 1.0, 0.9319029496599006, 0.9990565432112468, 0.8061722639560693, 0.5108370903822853, 1.0, 0.6742933818849176, 0.6473353763885054, 0.8144898910435396, 0.7959910355773255, 1.0, 0.6804147210489787, 0.8671625810308693, 1.0, 0.2823568893905469, 0.6083890647521376, 1.0, 1.0, 0.4854987920141801, 1.0, 1.0, 0.9314606835199408, 0.6656063529515445, 1.0, 0.631727222417618, 1.0, 1.0, 0.6139495696723942, 0.6136755461130264, 0.25109178735738913, 0.6029919255957275, 0.7665443130128172, 0.5929694704205186, 0.3577104311879114, 0.46385332988406125, 0.9199279566815194, 0.6121476472896874, 1.0, 1.0, 0.9443044431604782, 0.7977719803493121, 1.0, 0.518339909626154, 1.0, 0.5309233776372257, 0.5289123749037564], [0.8791968920655938, 0.001952152201754348, 0.27161638270134625, 0.1676335852980746, 0.20598990076440152, 1.0, 1.0, 0.06863332012755827, 0.07678015122771444, 0.9551672752675588, 1.0, 0.36000137706602975, 0.6067729852103272, 0.715208075549626, 0.06706782546122744, 0.8978515433856399, 0.012543752006622652, 1.0, 0.4720601574836082, 0.19526196354663275, 0.015730765960336582, 1.0, 0.05996840930906114, 0.7861879047932534, 0.4482190328684248, 0.20768241586142974, 0.9108453549824541, 1.0, 0.016807848014530807, 0.07715371252044466, 1.0, 0.8428344724913324, 0.1281803434075848, 0.8980183376857533, 0.10797742073805987, 1.0, 0.9121625490825495, 1.0, 0.9407297984178412, 0.08247754812770042, 1.0, 0.8045054104611786, 0.06322599245730134, 1.0, 0.14892506852389403, 0.6618324462195575, 0.03586619054834132, 0.10065750901673878, 1.0, 0.05323038587355962])), 0)], Base.Threads.SpinLock(0))))
