Optimization summary
Timestamp: 2026-03-26T18:47:30.524
Tspan = (0, 50)
#timepoints = 500

Best parameters:
param[1] = -0.9803226966697042
param[2] = 0.8773665621997453

Best score (mean metric): -45.333333333333336

BlackBoxOptim summary:

BlackBoxOptim.OptimizationResults("adaptive_de_rand_1_bin_radiuslimited", "Max time (60.0 s) reached", 157, 1.774565190503909e9, 60.018911838531494, ParamsDictChain[ParamsDictChain[Dict{Symbol, Any}(:NumDimensions => 2, :MaxTime => 60.0, :SearchRange => [(-1.0, 1.0), (-1.0, 1.0)], :TraceMode => :compact, :MaxFuncEvals => 0, :MaxSteps => 0),Dict{Symbol, Any}()],Dict{Symbol, Any}(:CallbackInterval => -1.0, :TargetFitness => nothing, :TraceMode => :compact, :FitnessScheme => ScalarFitnessScheme{true}(), :MinDeltaFitnessTolerance => 1.0e-50, :NumDimensions => :NotSpecified, :FitnessTolerance => 1.0e-8, :TraceInterval => 0.5, :MaxStepsWithoutProgress => 10000, :MaxSteps => 10000, :SaveParameters => false, :CallbackFunction => BlackBoxOptim.var"#114#115"(), :PopulationSize => 50, :SearchSpace => false, :MaxTime => 0.0, :SearchRange => (-1.0, 1.0), :Method => :adaptive_de_rand_1_bin_radiuslimited, :NumRepetitions => 1, :MaxNumStepsWithoutFuncEvals => 100, :MaxFuncEvals => 0, :SaveTrace => false, :SaveFitnessTraceToCsv => false)], 227, ScalarFitnessScheme{true}(), BlackBoxOptim.TopListArchiveOutput{Float64, Vector{Float64}}(45.333333333333336, [-0.9803226966697042, 0.8773665621997453]), BlackBoxOptim.PopulationOptimizerOutput{FitPopulation{Float64}}(FitPopulation{Float64}([-0.9232594501802656 -0.9242301828719605 -0.2214900548537065 -0.14988501186903336 -0.5520249354360338 -0.6626086793437338 0.7291157852220591 0.8741296722238892 -0.9931435599260612 0.38663921904748316 -0.9331358992741525 -0.49708854582068573 -0.674121167513481 -0.9803226966697042 0.5538205840848271 0.28999662357769496 0.9953830815314242 -0.5578155175563412 -0.9590360866263956 0.9082426076612271 -0.8966836787620747 0.1739087316120873 0.024394994626667943 -0.8033789088549419 0.49061849361671606 -0.6897640281899651 0.11047663050712675 -0.6386409971059793 0.7512161531842412 -0.9717619747879687 -0.03425430005814023 0.3570554570667641 -0.4017303618398037 -0.8018750149086064 -0.45269869350950465 0.20524102624883445 -0.5665089222045061 -0.07063581786950901 0.3471059963039833 0.5739598097555425 -0.43649397798156164 -0.6017405176968829 -0.4078921677003069 -0.690063399124501 -0.825552663769705 -0.5456240148597749 -0.6796720127680504 -0.8442602498585954 -0.5997020797546854 -0.786288734155473; 0.9794251533939388 -0.16391680693553912 0.7393368385299587 0.8516049666563819 0.9462792358999642 0.48832716020628153 0.9440926949610852 0.5091808573675058 0.6952695575762871 0.6845500640253767 0.7026694910722545 0.7299754033482285 0.7406948968991389 0.8773665621997453 0.712878522965416 0.5094785850944488 -0.8472738286565229 0.9641786783790869 -0.5388302216365584 0.2946814424953599 0.6291179665258805 0.8053717872587715 0.4396403951515563 -0.4282040138421028 0.7561441474235854 0.8137850693417445 -0.04227160554423093 0.845050547832058 0.9422196717619554 0.5359397846277162 0.21336322757849457 0.9103110919526087 0.6251504968894657 0.9633473055683661 0.6781867105052231 0.7300610139414543 0.9343069334253195 0.5819342648823786 0.2344312381928173 0.5402549844646265 0.6495528873753492 0.8029977369334 0.661837298769755 0.7696708385618141 0.33776964475926236 0.8780881789023618 0.7856669015606865 0.27486683672074785 0.9087692521631467 0.6036532045762149], NaN, [47.333333333333336, NaN, 56.0, 57.0, 49.333333333333336, 52.2, 59.4, 67.0, 49.75, 57.0, 49.5, 56.25, 51.0, 45.333333333333336, NaN, 57.0, NaN, 49.0, 69.25, NaN, 50.4, 59.0, 61.0, 77.0, 57.0, 50.0, NaN, 50.0, 60.2, 56.0, 77.0, 57.0, NaN, NaN, 56.0, NaN, 49.666666666666664, NaN, NaN, NaN, 56.0, 48.0, 56.333333333333336, NaN, 60.2, 49.0, 50.333333333333336, 70.25, NaN, 50.8], 0, BlackBoxOptim.Candidate{Float64}[BlackBoxOptim.Candidate{Float64}([0.8741296722238892, 0.5091808573675058], 8, 67.0, BlackBoxOptim.AdaptiveDiffEvoRandBin{3}(BlackBoxOptim.AdaptiveDiffEvoParameters(BlackBoxOptim.BimodalCauchy(Distributions.Cauchy{Float64}(μ=0.65, σ=0.1), Distributions.Cauchy{Float64}(μ=1.0, σ=0.1), 0.5, false, true), BlackBoxOptim.BimodalCauchy(Distributions.Cauchy{Float64}(μ=0.1, σ=0.1), Distributions.Cauchy{Float64}(μ=0.95, σ=0.1), 0.5, false, true), [1.0, 1.0, 1.0, 0.6040723657125004, 0.9880888207412155, 1.0, 1.0, 0.7706568825696853, 0.6825345838313882, 0.9669764933211631, 1.0, 0.6473353763885054, 1.0, 1.0, 1.0, 1.0, 0.8671625810308693, 1.0, 0.8049252410464373, 0.5190873101414503, 0.7162145080845981, 0.6233530053915579, 1.0, 1.0, 1.0, 0.743238421765467, 0.6656063529515445, 0.29707785432427825, 0.6322152422625121, 0.42410376648400105, 1.0, 1.0, 0.6057736552844294, 0.672749337597265, 1.0, 0.974929098132255, 0.9019444796878896, 1.0, 0.46385332988406125, 1.0, 0.6121476472896874, 0.5751857556777, 0.8394844614154678, 1.0, 0.7970307737468785, 0.9840796534969263, 0.1544138149198816, 1.0, 1.0, 1.0], [0.5127730691272117, 1.0, 0.6669815010552472, 0.1276650765282922, 0.07215957424588446, 1.0, 1.0, 0.7179897847127674, 0.19102534410619365, 0.11685449605891401, 1.0, 0.36000137706602975, 1.0, 0.9626792471296777, 0.14074063719960916, 0.737593734891782, 0.012543752006622652, 0.7844540139619433, 1.0, 0.13766059895081773, 0.9001426056107565, 0.0935150562053676, 0.19207076886708066, 0.1646351704887761, 0.4482190328684248, 0.89437450612354, 0.9108453549824541, 0.20968330504387442, 0.28009775603839526, 0.9469662844817396, 1.0, 0.04538283569324786, 0.6846236451400965, 0.6892017542556382, 0.07416710907535125, 0.1035836376820004, 0.14521871975962847, 0.08419845677675045, 0.9407297984178412, 0.4644747300114779, 1.0, 1.0, 1.0, 0.04730522324049557, 0.9999014660278046, 1.0, 1.0, 0.07398940677385196, 0.14627068071269342, 0.947133678685072])), 0), BlackBoxOptim.Candidate{Float64}([0.8741296722238892, 0.28773284821612677], 8, 73.0, BlackBoxOptim.AdaptiveDiffEvoRandBin{3}(BlackBoxOptim.AdaptiveDiffEvoParameters(BlackBoxOptim.BimodalCauchy(Distributions.Cauchy{Float64}(μ=0.65, σ=0.1), Distributions.Cauchy{Float64}(μ=1.0, σ=0.1), 0.5, false, true), BlackBoxOptim.BimodalCauchy(Distributions.Cauchy{Float64}(μ=0.1, σ=0.1), Distributions.Cauchy{Float64}(μ=0.95, σ=0.1), 0.5, false, true), [1.0, 1.0, 1.0, 0.6040723657125004, 0.9880888207412155, 1.0, 1.0, 0.7706568825696853, 0.6825345838313882, 0.9669764933211631, 1.0, 0.6473353763885054, 1.0, 1.0, 1.0, 1.0, 0.8671625810308693, 1.0, 0.8049252410464373, 0.5190873101414503, 0.7162145080845981, 0.6233530053915579, 1.0, 1.0, 1.0, 0.743238421765467, 0.6656063529515445, 0.29707785432427825, 0.6322152422625121, 0.42410376648400105, 1.0, 1.0, 0.6057736552844294, 0.672749337597265, 1.0, 0.974929098132255, 0.9019444796878896, 1.0, 0.46385332988406125, 1.0, 0.6121476472896874, 0.5751857556777, 0.8394844614154678, 1.0, 0.7970307737468785, 0.9840796534969263, 0.1544138149198816, 1.0, 1.0, 1.0], [0.5127730691272117, 1.0, 0.6669815010552472, 0.1276650765282922, 0.07215957424588446, 1.0, 1.0, 0.7179897847127674, 0.19102534410619365, 0.11685449605891401, 1.0, 0.36000137706602975, 1.0, 0.9626792471296777, 0.14074063719960916, 0.737593734891782, 0.012543752006622652, 0.7844540139619433, 1.0, 0.13766059895081773, 0.9001426056107565, 0.0935150562053676, 0.19207076886708066, 0.1646351704887761, 0.4482190328684248, 0.89437450612354, 0.9108453549824541, 0.20968330504387442, 0.28009775603839526, 0.9469662844817396, 1.0, 0.04538283569324786, 0.6846236451400965, 0.6892017542556382, 0.07416710907535125, 0.1035836376820004, 0.14521871975962847, 0.08419845677675045, 0.9407297984178412, 0.4644747300114779, 1.0, 1.0, 1.0, 0.04730522324049557, 0.9999014660278046, 1.0, 1.0, 0.07398940677385196, 0.14627068071269342, 0.947133678685072])), 0)], Base.Threads.SpinLock(0))))
