Optimization summary
Timestamp: 2026-03-26T18:18:44.335
Tspan = (0, 50)
#timepoints = 500

Best parameters:
param[1] = -0.49708854582068573
param[2] = 0.9491259225088983

Best score (mean metric): -48.4

BlackBoxOptim summary:

BlackBoxOptim.OptimizationResults("adaptive_de_rand_1_bin_radiuslimited", "Max time (60.0 s) reached", 76, 1.774563463534287e9, 60.80007195472717, ParamsDictChain[ParamsDictChain[Dict{Symbol, Any}(:NumDimensions => 2, :MaxTime => 60.0, :SearchRange => [(-1.0, 1.0), (-1.0, 1.0)], :TraceMode => :compact, :MaxFuncEvals => 0, :MaxSteps => 0),Dict{Symbol, Any}()],Dict{Symbol, Any}(:CallbackInterval => -1.0, :TargetFitness => nothing, :TraceMode => :compact, :FitnessScheme => ScalarFitnessScheme{true}(), :MinDeltaFitnessTolerance => 1.0e-50, :NumDimensions => :NotSpecified, :FitnessTolerance => 1.0e-8, :TraceInterval => 0.5, :MaxStepsWithoutProgress => 10000, :MaxSteps => 10000, :SaveParameters => false, :CallbackFunction => BlackBoxOptim.var"#114#115"(), :PopulationSize => 50, :SearchSpace => false, :MaxTime => 0.0, :SearchRange => (-1.0, 1.0), :Method => :adaptive_de_rand_1_bin_radiuslimited, :NumRepetitions => 1, :MaxNumStepsWithoutFuncEvals => 100, :MaxFuncEvals => 0, :SaveTrace => false, :SaveFitnessTraceToCsv => false)], 137, ScalarFitnessScheme{true}(), BlackBoxOptim.TopListArchiveOutput{Float64, Vector{Float64}}(48.4, [-0.49708854582068573, 0.9491259225088983]), BlackBoxOptim.PopulationOptimizerOutput{FitPopulation{Float64}}(FitPopulation{Float64}([-0.17739418562954856 -0.9242301828719605 -0.2900322376017026 0.05611181853405511 -0.5520249354360338 0.4728449629793544 0.8391227887870565 0.8741296722238892 -0.9912565338072468 -0.7697646175405157 -0.3034374993261514 -0.49708854582068573 -0.876895282171942 -0.7573116368865888 -0.4360339092544332 -0.5024302749818692 0.9953830815314242 -0.22034467216811815 -0.7182983278749437 0.9082426076612271 -0.7681781220986112 -0.3074851460383152 -0.7462117576591418 -0.7012085608721034 -0.6108825999509357 0.17812495931206626 0.11047663050712675 -0.4436943882383649 -0.3201333883424927 0.040462465884132104 0.27785812904925544 -0.1873537095770356 -0.4017303618398037 -0.8018750149086064 -0.45269869350950465 0.20524102624883445 -0.656870722137544 -0.9470165945269263 0.3471059963039833 0.5739598097555425 -0.48799336106879626 -0.8567121445755044 -0.9058755342240316 -0.7033880697581595 -0.3740857873691257 -0.7402300053243831 -0.8714023910118419 0.38286345510091824 -0.5997020797546854 0.5986755902004489; 0.3954181034201165 -0.16391680693553912 -0.15730962996442044 0.8424836707740984 -0.9301422379627655 0.037117210223344466 -0.3429353159201691 -0.5086009227238002 -0.779667231120176 -0.9839853496226225 -0.3890938866653836 0.9491259225088983 -0.928530772127605 -0.9467392637098279 0.712878522965416 0.5094785850944488 -0.8472738286565229 0.9250111686902032 -0.5388302216365584 0.2946814424953599 -0.691464645693654 0.19885939890328885 -0.9166959803932501 -0.020835500813138674 -0.9728277089090069 0.7538515104388982 -0.04227160554423093 -0.24468362606098182 0.26138738780411164 0.9989030708865343 -0.3837629184762883 0.24354086704477157 0.6251504968894657 0.9633473055683661 0.3417821987659908 0.7300610139414543 -0.09490475919272712 -0.42499854493753497 0.2344312381928173 0.5402549844646265 -0.004229318255544054 0.18557671122128372 -0.6382651918432618 -0.8531377362046789 -0.20673583799710815 0.04732100029297093 -0.6494628928761872 0.27486683672074785 0.9087692521631467 -0.5647659096309898], NaN, [NaN, NaN, NaN, 66.0, NaN, 97.125, NaN, NaN, NaN, 57.33333333333333, 114.75, 48.4, 59.2, 57.0, 49.81666666666666, NaN, NaN, NaN, 93.15, NaN, NaN, 73.95, 55.83333333333333, 89.75, 52.9, 69.73333333333333, NaN, 104.83333333333334, 70.83928571428572, 65.5, NaN, 57.8, NaN, NaN, NaN, NaN, NaN, 59.80714285714286, NaN, NaN, 89.125, 84.0, NaN, 56.575, NaN, NaN, 60.65, NaN, NaN, 116.5], 0, BlackBoxOptim.Candidate{Float64}[BlackBoxOptim.Candidate{Float64}([-0.4360339092544332, 0.712878522965416], 15, 49.81666666666666, BlackBoxOptim.AdaptiveDiffEvoRandBin{3}(BlackBoxOptim.AdaptiveDiffEvoParameters(BlackBoxOptim.BimodalCauchy(Distributions.Cauchy{Float64}(μ=0.65, σ=0.1), Distributions.Cauchy{Float64}(μ=1.0, σ=0.1), 0.5, false, true), BlackBoxOptim.BimodalCauchy(Distributions.Cauchy{Float64}(μ=0.1, σ=0.1), Distributions.Cauchy{Float64}(μ=0.95, σ=0.1), 0.5, false, true), [0.22458172974938034, 1.0, 0.9312884923850974, 0.8778802524086172, 1.0, 0.9319029496599006, 0.9990565432112468, 0.8061722639560693, 0.6853061404853619, 0.9394729432080375, 0.6742933818849176, 0.7850054309554987, 1.0, 0.08477064155461489, 1.0, 1.0, 0.8671625810308693, 1.0, 0.2823568893905469, 0.6083890647521376, 0.38350036095447887, 0.2799339832148994, 0.7036313154091115, 0.8881985788977542, 1.0, 0.6587294358743074, 0.6656063529515445, 0.5993648088858151, 0.631727222417618, 0.6096246302589547, 1.0, 0.8341725957919713, 0.760630606225112, 0.8388119719687167, 0.6029919255957275, 0.974929098132255, 0.613717022428535, 0.6728960652853552, 0.46385332988406125, 0.8221569335950599, 0.6121476472896874, 1.0, 0.9561124476574419, 0.9443044431604782, 1.0, 1.0, 0.518339909626154, 0.9941254382780379, 0.8890273835119556, 1.0], [1.0, 0.19952399799373166, 1.0, 0.1676335852980746, 0.14627068071269342, 1.0, 1.0, 0.06863332012755827, 0.9023688797795568, 0.34663751037962, 1.0, 0.6065644801127081, 1.0, 0.794165037991348, 0.06706782546122744, 0.737593734891782, 0.012543752006622652, 0.7844540139619433, 0.4720601574836082, 0.19526196354663275, 0.13338026255711316, 0.13808988230686475, 0.961957177541213, 0.13322628778399262, 0.4482190328684248, 0.17321953588160632, 0.9108453549824541, 0.14012303598638476, 0.016807848014530807, 0.06810468655053267, 1.0, 0.9104371031852951, 0.13918330167206588, 0.03770562691229176, 0.10797742073805987, 0.1035836376820004, 0.44948070913407856, 1.0, 0.9407297984178412, 0.17327988334647482, 1.0, 0.8045054104611786, 1.0, 1.0, 0.41673880987400935, 0.9038408517142303, 0.03586619054834132, 0.36939750779752745, 0.8705260925884646, 0.12678927847065175])), 0), BlackBoxOptim.Candidate{Float64}([0.5538205840848271, 0.712878522965416], 15, 76.96666666666667, BlackBoxOptim.AdaptiveDiffEvoRandBin{3}(BlackBoxOptim.AdaptiveDiffEvoParameters(BlackBoxOptim.BimodalCauchy(Distributions.Cauchy{Float64}(μ=0.65, σ=0.1), Distributions.Cauchy{Float64}(μ=1.0, σ=0.1), 0.5, false, true), BlackBoxOptim.BimodalCauchy(Distributions.Cauchy{Float64}(μ=0.1, σ=0.1), Distributions.Cauchy{Float64}(μ=0.95, σ=0.1), 0.5, false, true), [0.22458172974938034, 1.0, 0.9312884923850974, 0.8778802524086172, 1.0, 0.9319029496599006, 0.9990565432112468, 0.8061722639560693, 0.6853061404853619, 0.9394729432080375, 0.6742933818849176, 0.7850054309554987, 1.0, 0.08477064155461489, 1.0, 1.0, 0.8671625810308693, 1.0, 0.2823568893905469, 0.6083890647521376, 0.38350036095447887, 0.2799339832148994, 0.7036313154091115, 0.8881985788977542, 1.0, 0.6587294358743074, 0.6656063529515445, 0.5993648088858151, 0.631727222417618, 0.6096246302589547, 1.0, 0.8341725957919713, 0.760630606225112, 0.8388119719687167, 0.6029919255957275, 0.974929098132255, 0.613717022428535, 0.6728960652853552, 0.46385332988406125, 0.8221569335950599, 0.6121476472896874, 1.0, 0.9561124476574419, 0.9443044431604782, 1.0, 1.0, 0.518339909626154, 0.9941254382780379, 0.8890273835119556, 1.0], [1.0, 0.19952399799373166, 1.0, 0.1676335852980746, 0.14627068071269342, 1.0, 1.0, 0.06863332012755827, 0.9023688797795568, 0.34663751037962, 1.0, 0.6065644801127081, 1.0, 0.794165037991348, 0.06706782546122744, 0.737593734891782, 0.012543752006622652, 0.7844540139619433, 0.4720601574836082, 0.19526196354663275, 0.13338026255711316, 0.13808988230686475, 0.961957177541213, 0.13322628778399262, 0.4482190328684248, 0.17321953588160632, 0.9108453549824541, 0.14012303598638476, 0.016807848014530807, 0.06810468655053267, 1.0, 0.9104371031852951, 0.13918330167206588, 0.03770562691229176, 0.10797742073805987, 0.1035836376820004, 0.44948070913407856, 1.0, 0.9407297984178412, 0.17327988334647482, 1.0, 0.8045054104611786, 1.0, 1.0, 0.41673880987400935, 0.9038408517142303, 0.03586619054834132, 0.36939750779752745, 0.8705260925884646, 0.12678927847065175])), 0)], Base.Threads.SpinLock(0))))
