Optimization summary
Timestamp: 2026-03-26T18:10:14.743
Tspan = (0, 50)
#timepoints = 500

Best parameters:
param[1] = -0.45269869350950465
param[2] = 0.6781867105052231

Best score (mean metric): -54.22222222222223

BlackBoxOptim summary:

BlackBoxOptim.OptimizationResults("adaptive_de_rand_1_bin_radiuslimited", "Max time (60.0 s) reached", 76, 1.774562954479197e9, 60.26301097869873, ParamsDictChain[ParamsDictChain[Dict{Symbol, Any}(:NumDimensions => 2, :MaxTime => 60.0, :SearchRange => [(-1.0, 1.0), (-1.0, 1.0)], :TraceMode => :compact, :MaxFuncEvals => 0, :MaxSteps => 0),Dict{Symbol, Any}()],Dict{Symbol, Any}(:CallbackInterval => -1.0, :TargetFitness => nothing, :TraceMode => :compact, :FitnessScheme => ScalarFitnessScheme{true}(), :MinDeltaFitnessTolerance => 1.0e-50, :NumDimensions => :NotSpecified, :FitnessTolerance => 1.0e-8, :TraceInterval => 0.5, :MaxStepsWithoutProgress => 10000, :MaxSteps => 10000, :SaveParameters => false, :CallbackFunction => BlackBoxOptim.var"#114#115"(), :PopulationSize => 50, :SearchSpace => false, :MaxTime => 0.0, :SearchRange => (-1.0, 1.0), :Method => :adaptive_de_rand_1_bin_radiuslimited, :NumRepetitions => 1, :MaxNumStepsWithoutFuncEvals => 100, :MaxFuncEvals => 0, :SaveTrace => false, :SaveFitnessTraceToCsv => false)], 127, ScalarFitnessScheme{true}(), BlackBoxOptim.TopListArchiveOutput{Float64, Vector{Float64}}(54.22222222222223, [-0.45269869350950465, 0.6781867105052231]), BlackBoxOptim.PopulationOptimizerOutput{FitPopulation{Float64}}(FitPopulation{Float64}([-0.17739418562954856 -0.9242301828719605 -0.2900322376017026 0.010658207664991592 -0.5520249354360338 0.4029086456836888 0.8391227887870565 0.8741296722238892 -0.9931435599260612 -0.1498475285516666 -0.1022259742214402 -0.49708854582068573 -0.03500832171692392 -0.864229785303366 0.5538205840848271 -0.5024302749818692 0.9953830815314242 -0.22034467216811815 -0.9423703246257955 0.9082426076612271 -0.7681781220986112 0.6507623890963661 0.024394994626667943 -0.8033789088549419 -0.6108825999509357 0.3029729394111329 -0.1289404906951946 -0.22013519368339296 -0.3201333883424927 -0.9297822021741382 -0.03425430005814023 0.7015852487715366 -0.4017303618398037 -0.20047419841212244 -0.45269869350950465 -0.444467048017864 -0.43055132042483585 -0.12364278967359599 0.3471059963039833 0.5739598097555425 -0.10747517648174554 -0.8821932481243522 -0.9058755342240316 -0.690063399124501 -0.3740857873691257 -0.08147710086623983 0.020393551867789864 0.38286345510091824 -0.5997020797546854 -0.09492824358590513; 0.3954181034201165 -0.16391680693553912 0.6746396984014131 0.8424836707740984 -0.9301422379627655 0.025885047517161253 -0.3429353159201691 0.8459903322891815 -0.9524907516284228 0.7500126080630064 -0.950861960486306 0.7299754033482285 0.65814588872582 -0.7251308342566378 0.712878522965416 0.5094785850944488 0.07610036063995973 0.9250111686902032 -0.5388302216365584 0.2946814424953599 -0.691464645693654 -0.4144480745388026 -0.9166959803932501 -0.7379203221994142 0.42785266104387265 0.8137850693417445 0.029674419377914152 0.8128275465481642 0.26138738780411164 0.44635329515854116 0.21336322757849457 -0.3075552663513401 0.6251504968894657 0.837670105797609 0.6781867105052231 0.6464059234708742 -0.09490475919272712 0.7894177323615419 0.2344312381928173 0.5402549844646265 0.6167988277608383 0.722949766767086 -0.6382651918432618 0.7696708385618141 0.8230040460434781 0.26366913568782246 -0.7148919810810874 0.6600082194797657 0.9087692521631467 -0.8012610184069742], NaN, [NaN, NaN, 56.40972222222222, 69.90384615384616, NaN, NaN, NaN, 77.95, 62.9375, 60.33333333333333, 116.15, 54.41666666666667, NaN, NaN, NaN, NaN, 88.83333333333334, NaN, 70.41666666666666, NaN, NaN, NaN, NaN, 68.4375, NaN, NaN, 91.5, 59.666666666666664, 69.63333333333333, 82.36666666666667, 62.33333333333333, NaN, NaN, 60.166666666666664, 54.22222222222223, 54.975, 100.16666666666666, 62.33333333333333, NaN, NaN, 61.41666666666667, 69.3, NaN, NaN, 56.22916666666667, 57.9375, 120.0, 73.4375, NaN, 115.8], 0, BlackBoxOptim.Candidate{Float64}[BlackBoxOptim.Candidate{Float64}([-0.8821932481243522, 0.722949766767086], 42, 69.3, BlackBoxOptim.AdaptiveDiffEvoRandBin{3}(BlackBoxOptim.AdaptiveDiffEvoParameters(BlackBoxOptim.BimodalCauchy(Distributions.Cauchy{Float64}(μ=0.65, σ=0.1), Distributions.Cauchy{Float64}(μ=1.0, σ=0.1), 0.5, false, true), BlackBoxOptim.BimodalCauchy(Distributions.Cauchy{Float64}(μ=0.1, σ=0.1), Distributions.Cauchy{Float64}(μ=0.95, σ=0.1), 0.5, false, true), [1.0, 0.5191220340326225, 0.9312884923850974, 1.0, 0.49776880272233004, 0.9319029496599006, 0.9927965706908473, 0.8061722639560693, 1.0, 0.8965788514861684, 0.6742933818849176, 0.7850054309554987, 0.8144898910435396, 1.0, 0.6414124420629187, 1.0, 0.8671625810308693, 1.0, 0.2823568893905469, 0.6083890647521376, 0.8217646598245093, 1.0, 0.7036313154091115, 0.9822278317471222, 1.0, 0.9314606835199408, 0.4737478007106891, 0.8426941782630856, 0.7710534934701503, 0.6096246302589547, 0.5277734795669236, 0.6139495696723942, 0.05344160282150001, 0.9430108011742148, 0.6029919255957275, 0.8216163827013463, 1.0, 0.3577104311879114, 0.46385332988406125, 0.9199279566815194, 0.5740804284858514, 1.0, 0.5739673716900933, 0.9443044431604782, 0.4994807091340786, 0.39743332925653263, 0.1544138149198816, 0.9722141361574285, 0.653632296565204, 1.0], [0.8791968920655938, 0.001952152201754348, 1.0, 0.08256337570881044, 0.16462073445060937, 1.0, 0.2654350460983004, 0.06863332012755827, 1.0, 0.0973877651362156, 1.0, 0.6065644801127081, 0.6067729852103272, 1.0, 1.0, 0.14101664292199298, 0.012543752006622652, 0.9056903621576059, 0.4720601574836082, 0.19526196354663275, 1.0, 1.0, 0.961957177541213, 1.0, 0.06997823946172471, 0.20768241586142974, 1.0, 1.0, 0.9680275611946131, 0.06810468655053267, 1.0, 0.8428344724913324, 0.7405526958630431, 0.7959265233304305, 0.10797742073805987, 0.3615479030915879, 1.0, 1.0, 0.9407297984178412, 0.08247754812770042, 0.8119112076166519, 0.10872943587430745, 0.0743388413244621, 1.0, 1.0, 1.0, 1.0, 0.3894729432080375, 0.015986114898391995, 0.8730155928616193])), 0), BlackBoxOptim.Candidate{Float64}([0.1851335100211403, 0.05746391740518264], 42, 85.22916666666666, BlackBoxOptim.AdaptiveDiffEvoRandBin{3}(BlackBoxOptim.AdaptiveDiffEvoParameters(BlackBoxOptim.BimodalCauchy(Distributions.Cauchy{Float64}(μ=0.65, σ=0.1), Distributions.Cauchy{Float64}(μ=1.0, σ=0.1), 0.5, false, true), BlackBoxOptim.BimodalCauchy(Distributions.Cauchy{Float64}(μ=0.1, σ=0.1), Distributions.Cauchy{Float64}(μ=0.95, σ=0.1), 0.5, false, true), [1.0, 0.5191220340326225, 0.9312884923850974, 1.0, 0.49776880272233004, 0.9319029496599006, 0.9927965706908473, 0.8061722639560693, 1.0, 0.8965788514861684, 0.6742933818849176, 0.7850054309554987, 0.8144898910435396, 1.0, 0.6414124420629187, 1.0, 0.8671625810308693, 1.0, 0.2823568893905469, 0.6083890647521376, 0.8217646598245093, 1.0, 0.7036313154091115, 0.9822278317471222, 1.0, 0.9314606835199408, 0.4737478007106891, 0.8426941782630856, 0.7710534934701503, 0.6096246302589547, 0.5277734795669236, 0.6139495696723942, 0.05344160282150001, 0.9430108011742148, 0.6029919255957275, 0.8216163827013463, 1.0, 0.3577104311879114, 0.46385332988406125, 0.9199279566815194, 0.5740804284858514, 1.0, 0.5739673716900933, 0.9443044431604782, 0.4994807091340786, 0.39743332925653263, 0.1544138149198816, 0.9722141361574285, 0.653632296565204, 1.0], [0.8791968920655938, 0.001952152201754348, 1.0, 0.08256337570881044, 0.16462073445060937, 1.0, 0.2654350460983004, 0.06863332012755827, 1.0, 0.0973877651362156, 1.0, 0.6065644801127081, 0.6067729852103272, 1.0, 1.0, 0.14101664292199298, 0.012543752006622652, 0.9056903621576059, 0.4720601574836082, 0.19526196354663275, 1.0, 1.0, 0.961957177541213, 1.0, 0.06997823946172471, 0.20768241586142974, 1.0, 1.0, 0.9680275611946131, 0.06810468655053267, 1.0, 0.8428344724913324, 0.7405526958630431, 0.7959265233304305, 0.10797742073805987, 0.3615479030915879, 1.0, 1.0, 0.9407297984178412, 0.08247754812770042, 0.8119112076166519, 0.10872943587430745, 0.0743388413244621, 1.0, 1.0, 1.0, 1.0, 0.3894729432080375, 0.015986114898391995, 0.8730155928616193])), 0)], Base.Threads.SpinLock(0))))
