Optimization summary
Timestamp: 2026-03-26T18:39:38.900
Tspan = (0, 50)
#timepoints = 500

Best parameters:
param[1] = -0.443984828318518
param[2] = 0.8769360191545281

Best score (mean metric): -29.0

BlackBoxOptim summary:

BlackBoxOptim.OptimizationResults("adaptive_de_rand_1_bin_radiuslimited", "Max time (60.0 s) reached", 220, 1.774564718878125e9, 60.020488023757935, ParamsDictChain[ParamsDictChain[Dict{Symbol, Any}(:NumDimensions => 2, :MaxTime => 60.0, :SearchRange => [(-1.0, 1.0), (-1.0, 1.0)], :TraceMode => :compact, :MaxFuncEvals => 0, :MaxSteps => 0),Dict{Symbol, Any}()],Dict{Symbol, Any}(:CallbackInterval => -1.0, :TargetFitness => nothing, :TraceMode => :compact, :FitnessScheme => ScalarFitnessScheme{true}(), :MinDeltaFitnessTolerance => 1.0e-50, :NumDimensions => :NotSpecified, :FitnessTolerance => 1.0e-8, :TraceInterval => 0.5, :MaxStepsWithoutProgress => 10000, :MaxSteps => 10000, :SaveParameters => false, :CallbackFunction => BlackBoxOptim.var"#114#115"(), :PopulationSize => 50, :SearchSpace => false, :MaxTime => 0.0, :SearchRange => (-1.0, 1.0), :Method => :adaptive_de_rand_1_bin_radiuslimited, :NumRepetitions => 1, :MaxNumStepsWithoutFuncEvals => 100, :MaxFuncEvals => 0, :SaveTrace => false, :SaveFitnessTraceToCsv => false)], 316, ScalarFitnessScheme{true}(), BlackBoxOptim.TopListArchiveOutput{Float64, Vector{Float64}}(29.0, [-0.443984828318518, 0.8769360191545281]), BlackBoxOptim.PopulationOptimizerOutput{FitPopulation{Float64}}(FitPopulation{Float64}([-0.17739418562954856 -0.9534282189088694 -0.1756233364137929 -0.025961886453960414 -0.5520249354360338 0.41496383922026736 0.04089493534876265 -0.19451341514223253 -0.9931435599260612 -0.1498475285516666 0.5587735427060578 -0.49708854582068573 -0.3063460819202565 -0.27182176354319 0.271485062489895 -0.5024302749818692 0.9909165114272025 -0.22034467216811815 -0.3893914502823697 -0.36410848347824964 -0.7681781220986112 0.3046901348822372 0.9014457930523496 -0.2613469443258366 0.24590369086558106 -0.01800325228172539 -0.3038823405660779 -0.6957063176526699 -0.3201333883424927 0.7696877892034855 -0.03425430005814023 0.5814837151917844 -0.4017303618398037 -0.7050113024005035 0.028719093845995913 0.17059774889721424 0.04610490364981257 -0.07063581786950901 0.5738834392887944 -0.23743573911427063 -0.3679317063422476 -0.10336697549991525 -0.9058755342240316 -0.6623570498431561 -0.04036186317485166 -0.7402300053243831 -0.2128595344234158 -0.443984828318518 -0.5997020797546854 -0.22764063621773778; 0.3954181034201165 -0.7177004901711226 0.6736058073503077 0.3450830816248147 0.851680740775123 0.9198375141142326 0.6628625381879496 0.933991857471829 -0.779667231120176 0.3873069844749566 0.375778671181948 0.7299754033482285 0.9962244832731509 0.5245474082216623 0.9243969616448887 0.5094785850944488 0.7169082837921363 0.9250111686902032 0.5204465931338795 0.7171343175510806 -0.691464645693654 0.8136018941928973 0.463315358991902 0.8789313986001884 0.5420467604403709 0.09254081241684053 0.36741005003481186 0.42801232103155235 0.4882324651964659 0.44635329515854116 0.21336322757849457 0.3835608141412786 0.802517526590987 0.9219298647728299 0.9326466016882403 0.7920480967385486 0.29197407249125046 0.5819342648823786 0.3678206094134894 0.8417736368649371 0.641191201714904 0.17365796064079753 -0.6382651918432618 -0.8593850294828475 0.2816241253961744 0.04732100029297093 0.33896112740436274 0.8769360191545281 0.9087692521631467 0.3921801260743252], NaN, [NaN, 44.0, 32.0, 36.666666666666664, 37.0, 51.0, 38.0, 33.0, 38.333333333333336, 32.333333333333336, 56.0, 37.0, 32.0, 29.0, 41.0, NaN, 55.333333333333336, NaN, 39.0, 29.0, NaN, 44.333333333333336, 59.0, 31.666666666666668, 51.666666666666664, 33.333333333333336, 49.333333333333336, 78.0, 37.333333333333336, NaN, 34.0, 56.0, 29.0, 43.0, 38.0, 38.666666666666664, 38.0, NaN, 56.0, 32.0, 35.0, 36.333333333333336, NaN, 46.0, 34.0, NaN, 37.333333333333336, 29.0, NaN, 35.0], 0, BlackBoxOptim.Candidate{Float64}[BlackBoxOptim.Candidate{Float64}([0.028719093845995913, 0.9326466016882403], 35, 38.0, BlackBoxOptim.AdaptiveDiffEvoRandBin{3}(BlackBoxOptim.AdaptiveDiffEvoParameters(BlackBoxOptim.BimodalCauchy(Distributions.Cauchy{Float64}(μ=0.65, σ=0.1), Distributions.Cauchy{Float64}(μ=1.0, σ=0.1), 0.5, false, true), BlackBoxOptim.BimodalCauchy(Distributions.Cauchy{Float64}(μ=0.1, σ=0.1), Distributions.Cauchy{Float64}(μ=0.95, σ=0.1), 0.5, false, true), [0.5894819218210802, 1.0, 0.6495212380823723, 0.8778802524086172, 1.0, 0.9319029496599006, 1.0, 0.6359664494688341, 0.6294204340501109, 1.0, 0.6742933818849176, 1.0, 0.5812603135967455, 1.0, 0.5869368935706146, 0.7837185031607649, 0.9728203511966375, 0.6474279103497046, 0.401712683267878, 0.4911498713069, 0.9781233746373833, 1.0, 1.0, 1.0, 0.5912875089693501, 1.0, 0.7420707688670807, 0.8426941782630856, 0.5042088348289617, 0.8955643467712917, 0.7521431316194283, 0.5073384242542504, 1.0, 0.9971336786850721, 0.8891933949331201, 0.974929098132255, 0.3634082813235752, 1.0, 0.9800365244725573, 0.7868714030563009, 0.6121476472896874, 0.9238086631151152, 0.8942809420496061, 0.6882140225369661, 0.9808237736581361, 0.693934573653968, 1.0, 0.7212827251154699, 1.0, 0.5289123749037564], [0.9369449463686667, 0.07641901899883803, 0.3280530626703847, 0.1676335852980746, 0.05101100596450983, 1.0, 1.0, 0.817412035140125, 0.9242640465936426, 0.09253684995572953, 1.0, 0.3211066139037472, 0.909627994829316, 0.9849082060508076, 0.13462136620349868, 0.36567761021667544, 0.8155210594850414, 0.043455533105192096, 1.0, 1.0, 0.9277139285879411, 0.9205265482983598, 1.0, 0.4005799631787229, 0.9132384599240375, 0.8862510473993971, 1.0, 1.0, 1.0, 1.0, 0.220901732930825, 0.05407236571250044, 0.005098212477354702, 0.06865811225250223, 0.8684281420468242, 0.1035836376820004, 0.7742571341984141, 0.8946827804295683, 0.4081965086249403, 0.6661988283159419, 1.0, 0.9114284813799216, 0.1808769784989463, 0.09656246983622704, 0.1444692207462695, 0.14960311442863364, 0.47198559579389465, 1.0, 0.8667858681073889, 0.05323038587355962])), 0), BlackBoxOptim.Candidate{Float64}([0.5458782286360409, 0.33820186624796644], 35, 56.666666666666664, BlackBoxOptim.AdaptiveDiffEvoRandBin{3}(BlackBoxOptim.AdaptiveDiffEvoParameters(BlackBoxOptim.BimodalCauchy(Distributions.Cauchy{Float64}(μ=0.65, σ=0.1), Distributions.Cauchy{Float64}(μ=1.0, σ=0.1), 0.5, false, true), BlackBoxOptim.BimodalCauchy(Distributions.Cauchy{Float64}(μ=0.1, σ=0.1), Distributions.Cauchy{Float64}(μ=0.95, σ=0.1), 0.5, false, true), [0.5894819218210802, 1.0, 0.6495212380823723, 0.8778802524086172, 1.0, 0.9319029496599006, 1.0, 0.6359664494688341, 0.6294204340501109, 1.0, 0.6742933818849176, 1.0, 0.5812603135967455, 1.0, 0.5869368935706146, 0.7837185031607649, 0.9728203511966375, 0.6474279103497046, 0.401712683267878, 0.4911498713069, 0.9781233746373833, 1.0, 1.0, 1.0, 0.5912875089693501, 1.0, 0.7420707688670807, 0.8426941782630856, 0.5042088348289617, 0.8955643467712917, 0.7521431316194283, 0.5073384242542504, 1.0, 0.9971336786850721, 0.8891933949331201, 0.974929098132255, 0.3634082813235752, 1.0, 0.9800365244725573, 0.7868714030563009, 0.6121476472896874, 0.9238086631151152, 0.8942809420496061, 0.6882140225369661, 0.9808237736581361, 0.693934573653968, 1.0, 0.7212827251154699, 1.0, 0.5289123749037564], [0.9369449463686667, 0.07641901899883803, 0.3280530626703847, 0.1676335852980746, 0.05101100596450983, 1.0, 1.0, 0.817412035140125, 0.9242640465936426, 0.09253684995572953, 1.0, 0.3211066139037472, 0.909627994829316, 0.9849082060508076, 0.13462136620349868, 0.36567761021667544, 0.8155210594850414, 0.043455533105192096, 1.0, 1.0, 0.9277139285879411, 0.9205265482983598, 1.0, 0.4005799631787229, 0.9132384599240375, 0.8862510473993971, 1.0, 1.0, 1.0, 1.0, 0.220901732930825, 0.05407236571250044, 0.005098212477354702, 0.06865811225250223, 0.8684281420468242, 0.1035836376820004, 0.7742571341984141, 0.8946827804295683, 0.4081965086249403, 0.6661988283159419, 1.0, 0.9114284813799216, 0.1808769784989463, 0.09656246983622704, 0.1444692207462695, 0.14960311442863364, 0.47198559579389465, 1.0, 0.8667858681073889, 0.05323038587355962])), 0)], Base.Threads.SpinLock(0))))
