Optimization summary
Timestamp: 2026-03-26T18:02:01.569
Tspan = (0, 50)
#timepoints = 500

Best parameters:
param[1] = -0.9931435599260612
param[2] = -0.779667231120176

Best score (mean metric): -57.48529411764706

BlackBoxOptim summary:

BlackBoxOptim.OptimizationResults("adaptive_de_rand_1_bin_radiuslimited", "Max time (60.0 s) reached", 45, 1.774562459840693e9, 61.46285796165466, ParamsDictChain[ParamsDictChain[Dict{Symbol, Any}(:NumDimensions => 2, :MaxTime => 60.0, :SearchRange => [(-1.0, 1.0), (-1.0, 1.0)], :TraceMode => :compact, :MaxFuncEvals => 0, :MaxSteps => 0),Dict{Symbol, Any}()],Dict{Symbol, Any}(:CallbackInterval => -1.0, :TargetFitness => nothing, :TraceMode => :compact, :FitnessScheme => ScalarFitnessScheme{true}(), :MinDeltaFitnessTolerance => 1.0e-50, :NumDimensions => :NotSpecified, :FitnessTolerance => 1.0e-8, :TraceInterval => 0.5, :MaxStepsWithoutProgress => 10000, :MaxSteps => 10000, :SaveParameters => false, :CallbackFunction => BlackBoxOptim.var"#114#115"(), :PopulationSize => 50, :SearchSpace => false, :MaxTime => 0.0, :SearchRange => (-1.0, 1.0), :Method => :adaptive_de_rand_1_bin_radiuslimited, :NumRepetitions => 1, :MaxNumStepsWithoutFuncEvals => 100, :MaxFuncEvals => 0, :SaveTrace => false, :SaveFitnessTraceToCsv => false)], 85, ScalarFitnessScheme{true}(), BlackBoxOptim.TopListArchiveOutput{Float64, Vector{Float64}}(57.48529411764706, [-0.9931435599260612, -0.779667231120176]), BlackBoxOptim.PopulationOptimizerOutput{FitPopulation{Float64}}(FitPopulation{Float64}([-0.17739418562954856 -0.9242301828719605 -0.2900322376017026 0.468044633420563 -0.5520249354360338 0.4029086456836888 0.8391227887870565 0.8741296722238892 -0.9931435599260612 -0.1498475285516666 -0.011718950287173738 -0.49708854582068573 -0.03500832171692392 -0.864229785303366 -0.598481938186624 -0.5024302749818692 0.9953830815314242 -0.22034467216811815 0.06691171553356146 0.9082426076612271 -0.7681781220986112 0.6507623890963661 0.024394994626667943 0.1435548823809738 0.2604562185042394 0.3029729394111329 -0.3038823405660779 0.483808700919133 -0.3201333883424927 0.7696877892034855 -0.33362782140785485 0.026290845794442463 -0.9629585603163611 -0.43501642125576645 -0.45269869350950465 0.20524102624883445 -0.656870722137544 -0.07063581786950901 -0.7360383195076899 0.5739598097555425 0.9376855427600188 0.7317561944693618 -0.9058755342240316 -0.690063399124501 -0.3740857873691257 0.39562616496472824 0.6307323346712761 0.5798993212117063 -0.5997020797546854 -0.09492824358590513; 0.3954181034201165 -0.16391680693553912 -0.15730962996442044 0.8424836707740984 -0.9301422379627655 0.025885047517161253 -0.3429353159201691 0.933991857471829 -0.779667231120176 0.5950626945359263 0.6679983533418984 0.7299754033482285 0.65814588872582 -0.7251308342566378 0.712878522965416 0.5094785850944488 -0.8472738286565229 0.9250111686902032 -0.5388302216365584 0.2946814424953599 -0.691464645693654 -0.4144480745388026 -0.9166959803932501 -0.020835500813138674 0.43591931058505284 0.8137850693417445 0.36741005003481186 -0.24468362606098182 -0.4776736936410284 0.44635329515854116 0.9009124649355602 0.033114871621073516 -0.6098798348777801 0.8309091415744885 0.3417821987659908 0.7300610139414543 -0.09490475919272712 0.5819342648823786 -0.7561103022639315 0.5402549844646265 0.0922425371787976 0.19026420688798917 -0.6382651918432618 0.7696708385618141 -0.20673583799710815 0.829126299985714 0.506598762499976 0.30320233330644075 0.9087692521631467 0.36200715974373415], NaN, [NaN, NaN, NaN, NaN, NaN, NaN, NaN, 88.4, 57.48529411764706, 77.45833333333334, 80.98214285714286, 74.14285714285714, NaN, NaN, 76.41666666666666, NaN, NaN, NaN, NaN, NaN, NaN, NaN, NaN, NaN, 84.35, NaN, 75.625, NaN, NaN, NaN, 71.55, 87.14166666666667, 59.3, 74.575, NaN, NaN, NaN, NaN, 60.471428571428575, NaN, NaN, NaN, NaN, NaN, NaN, 82.875, 88.45454545454545, 87.625, NaN, 76.875], 0, BlackBoxOptim.Candidate{Float64}[BlackBoxOptim.Candidate{Float64}([-0.9629585603163611, -0.6098798348777801], 33, 59.3, BlackBoxOptim.AdaptiveDiffEvoRandBin{3}(BlackBoxOptim.AdaptiveDiffEvoParameters(BlackBoxOptim.BimodalCauchy(Distributions.Cauchy{Float64}(μ=0.65, σ=0.1), Distributions.Cauchy{Float64}(μ=1.0, σ=0.1), 0.5, false, true), BlackBoxOptim.BimodalCauchy(Distributions.Cauchy{Float64}(μ=0.1, σ=0.1), Distributions.Cauchy{Float64}(μ=0.95, σ=0.1), 0.5, false, true), [1.0, 0.5191220340326225, 1.0, 0.6173922781379644, 0.9179440306822403, 0.9319029496599006, 0.9927965706908473, 0.8061722639560693, 0.5611021586086486, 0.8965788514861684, 0.18065851766355856, 0.7850054309554987, 0.8891340803019142, 0.08477064155461489, 1.0, 1.0, 0.8671625810308693, 1.0, 0.2823568893905469, 0.6083890647521376, 1.0, 1.0, 0.765208075549626, 0.689553290681099, 1.0, 0.9314606835199408, 0.6656063529515445, 0.8426941782630856, 0.631727222417618, 0.6096246302589547, 1.0, 0.6139495696723942, 0.4737478007106891, 0.25109178735738913, 1.0, 0.7665443130128172, 1.0, 1.0, 0.46385332988406125, 1.0, 0.6121476472896874, 1.0, 0.005052097405347289, 0.6686194878202636, 0.7447401642819835, 1.0, 0.518339909626154, 0.9930452971505181, 0.6358475450865324, 0.5289123749037564], [0.03610260200923178, 0.001952152201754348, 0.11525694428469827, 1.0, 0.956206324961497, 1.0, 0.2654350460983004, 0.06863332012755827, 0.6898693627049827, 0.0973877651362156, 1.0, 0.6065644801127081, 0.2721569335950599, 0.794165037991348, 0.06706782546122744, 0.737593734891782, 0.012543752006622652, 0.7844540139619433, 0.4720601574836082, 0.19526196354663275, 0.32698031398907323, 1.0, 1.0, 0.9385523088881934, 0.4482190328684248, 0.20768241586142974, 0.9108453549824541, 1.0, 0.016807848014530807, 0.06810468655053267, 1.0, 0.8428344724913324, 1.0, 0.8980183376857533, 0.03750551878367724, 1.0, 0.9912666481425976, 0.8515446553165443, 0.9407297984178412, 0.2166960598773533, 1.0, 0.8045054104611786, 0.0697001257980086, 0.06371702242853494, 1.0, 0.6618324462195575, 0.03586619054834132, 0.8046426336860415, 0.9187565658244903, 0.05323038587355962])), 0), BlackBoxOptim.Candidate{Float64}([-0.4017303618398037, 0.6251504968894657], 33, 73.75, BlackBoxOptim.AdaptiveDiffEvoRandBin{3}(BlackBoxOptim.AdaptiveDiffEvoParameters(BlackBoxOptim.BimodalCauchy(Distributions.Cauchy{Float64}(μ=0.65, σ=0.1), Distributions.Cauchy{Float64}(μ=1.0, σ=0.1), 0.5, false, true), BlackBoxOptim.BimodalCauchy(Distributions.Cauchy{Float64}(μ=0.1, σ=0.1), Distributions.Cauchy{Float64}(μ=0.95, σ=0.1), 0.5, false, true), [1.0, 0.5191220340326225, 1.0, 0.6173922781379644, 0.9179440306822403, 0.9319029496599006, 0.9927965706908473, 0.8061722639560693, 0.5611021586086486, 0.8965788514861684, 0.18065851766355856, 0.7850054309554987, 0.8891340803019142, 0.08477064155461489, 1.0, 1.0, 0.8671625810308693, 1.0, 0.2823568893905469, 0.6083890647521376, 1.0, 1.0, 0.765208075549626, 0.689553290681099, 1.0, 0.9314606835199408, 0.6656063529515445, 0.8426941782630856, 0.631727222417618, 0.6096246302589547, 1.0, 0.6139495696723942, 0.4737478007106891, 0.25109178735738913, 1.0, 0.7665443130128172, 1.0, 1.0, 0.46385332988406125, 1.0, 0.6121476472896874, 1.0, 0.005052097405347289, 0.6686194878202636, 0.7447401642819835, 1.0, 0.518339909626154, 0.9930452971505181, 0.6358475450865324, 0.5289123749037564], [0.03610260200923178, 0.001952152201754348, 0.11525694428469827, 1.0, 0.956206324961497, 1.0, 0.2654350460983004, 0.06863332012755827, 0.6898693627049827, 0.0973877651362156, 1.0, 0.6065644801127081, 0.2721569335950599, 0.794165037991348, 0.06706782546122744, 0.737593734891782, 0.012543752006622652, 0.7844540139619433, 0.4720601574836082, 0.19526196354663275, 0.32698031398907323, 1.0, 1.0, 0.9385523088881934, 0.4482190328684248, 0.20768241586142974, 0.9108453549824541, 1.0, 0.016807848014530807, 0.06810468655053267, 1.0, 0.8428344724913324, 1.0, 0.8980183376857533, 0.03750551878367724, 1.0, 0.9912666481425976, 0.8515446553165443, 0.9407297984178412, 0.2166960598773533, 1.0, 0.8045054104611786, 0.0697001257980086, 0.06371702242853494, 1.0, 0.6618324462195575, 0.03586619054834132, 0.8046426336860415, 0.9187565658244903, 0.05323038587355962])), 0)], Base.Threads.SpinLock(0))))
