Optimization summary
Timestamp: 2026-03-26T18:41:35.549
Tspan = (0, 50)
#timepoints = 500

Best parameters:
param[1] = -0.1505896857088867
param[2] = 0.5701080549704407

Best score (mean metric): -8.5

BlackBoxOptim summary:

BlackBoxOptim.OptimizationResults("adaptive_de_rand_1_bin_radiuslimited", "Max time (60.0 s) reached", 403, 1.774564835488927e9, 60.058210134506226, ParamsDictChain[ParamsDictChain[Dict{Symbol, Any}(:NumDimensions => 2, :MaxTime => 60.0, :SearchRange => [(-1.0, 1.0), (-1.0, 1.0)], :TraceMode => :compact, :MaxFuncEvals => 0, :MaxSteps => 0),Dict{Symbol, Any}()],Dict{Symbol, Any}(:CallbackInterval => -1.0, :TargetFitness => nothing, :TraceMode => :compact, :FitnessScheme => ScalarFitnessScheme{true}(), :MinDeltaFitnessTolerance => 1.0e-50, :NumDimensions => :NotSpecified, :FitnessTolerance => 1.0e-8, :TraceInterval => 0.5, :MaxStepsWithoutProgress => 10000, :MaxSteps => 10000, :SaveParameters => false, :CallbackFunction => BlackBoxOptim.var"#114#115"(), :PopulationSize => 50, :SearchSpace => false, :MaxTime => 0.0, :SearchRange => (-1.0, 1.0), :Method => :adaptive_de_rand_1_bin_radiuslimited, :NumRepetitions => 1, :MaxNumStepsWithoutFuncEvals => 100, :MaxFuncEvals => 0, :SaveTrace => false, :SaveFitnessTraceToCsv => false)], 523, ScalarFitnessScheme{true}(), BlackBoxOptim.TopListArchiveOutput{Float64, Vector{Float64}}(8.5, [-0.1505896857088867, 0.5701080549704407]), BlackBoxOptim.PopulationOptimizerOutput{FitPopulation{Float64}}(FitPopulation{Float64}([-0.17739418562954856 -0.1073824579435813 -0.2900322376017026 -0.1950236648421989 0.2862723139469741 -0.4689305473835424 -0.34727267908293785 0.8741296722238892 0.37618645193780276 -0.1505896857088867 0.5296619130886459 -0.16071778856411623 -0.03500832171692392 -0.24796483021353455 -0.4325125994134135 0.5388100168826712 0.9953830815314242 -0.22034467216811815 -0.5166092158851595 -0.2708720574432625 0.11001780177113604 -0.7200920099213719 0.027995888327643326 -0.2417897345004983 -0.20140254671510158 0.3029729394111329 -0.3038823405660779 -0.20520584490991045 -0.25604678066446757 0.23144236036035737 -0.03425430005814023 -0.31020875057650343 -0.24842037676667006 -0.23166399722463893 -0.3104469904598872 -0.03481317048753434 -0.07395050871847525 -0.21214985290631852 -0.4077276206150179 -0.06380179845954286 0.024346628835093434 -0.3924710295151891 -0.150517882142934 -0.2962611121615397 -0.2720486613650401 -0.05261854160066863 -0.09205109891930052 -0.4322525368978299 -0.1173194268930659 0.16441522786183; 0.3954181034201165 0.5007329099391997 0.5949505978046379 0.7056479077845103 0.6838168440102137 0.9380529948399722 0.9634401311085405 0.9557893981676037 0.9249800480551525 0.5701080549704407 0.44604436363608346 0.8534592683073977 0.65814588872582 0.8583561749890641 0.48437258090635016 0.7326802454741487 0.8212831139686841 0.9250111686902032 0.8609851594788397 0.933196979970062 0.7756192937632579 0.9760281415661041 0.7846069699569643 0.930196390810457 0.9260294142558574 0.8318366630044731 0.36741005003481186 0.7024843438338102 0.45360448791302477 0.7348687773201668 0.21336322757849457 0.5848793451797454 0.946725656563131 0.9721399677320567 0.7517425859966885 0.6047961384787939 0.35566333686014034 0.8151167099895344 0.9192209414810257 0.4080289546225207 0.499400978055626 0.9421576432716001 0.9747109391981195 0.7696708385618141 0.8013727510472795 0.7812094505866227 0.506598762499976 0.9517644087470495 0.7072226349296343 0.7301691653807043], NaN, [NaN, 8.5, 11.5, 8.5, 31.5, 12.0, 9.0, 40.0, 30.5, 8.5, 41.0, 9.0, NaN, 9.0, 37.0, 38.5, 41.0, NaN, 15.5, 9.0, 15.5, 27.0, 13.0, 8.5, 9.0, 28.0, 31.0, 9.0, 13.5, 22.5, 9.0, 12.5, 8.5, 9.0, 9.0, 10.5, 8.5, 8.5, 9.5, 9.0, 12.5, 9.0, 9.0, 9.0, 9.5, 10.5, 9.0, 9.5, 9.0, 19.0], 0, BlackBoxOptim.Candidate{Float64}[BlackBoxOptim.Candidate{Float64}([-0.1950236648421989, 0.7056479077845103], 4, 8.5, BlackBoxOptim.AdaptiveDiffEvoRandBin{3}(BlackBoxOptim.AdaptiveDiffEvoParameters(BlackBoxOptim.BimodalCauchy(Distributions.Cauchy{Float64}(μ=0.65, σ=0.1), Distributions.Cauchy{Float64}(μ=1.0, σ=0.1), 0.5, false, true), BlackBoxOptim.BimodalCauchy(Distributions.Cauchy{Float64}(μ=0.1, σ=0.1), Distributions.Cauchy{Float64}(μ=0.95, σ=0.1), 0.5, false, true), [0.8399953565480651, 0.4885191163870437, 0.6909533283954313, 1.0, 0.6652704460445533, 0.8553279518267578, 1.0, 0.9581650772524141, 0.7028898839785801, 0.7843303898846435, 1.0, 0.755147862917776, 0.8513185796409206, 1.0, 0.6174760088429951, 0.6040241830952585, 0.663387423628119, 1.0, 0.9309713564083161, 0.3402760260787805, 1.0, 1.0, 0.6794547056835065, 0.6192172649298773, 0.7621990939568564, 0.5012032536745668, 0.6354561409210916, 0.8858957959300648, 0.39461765921970626, 0.5712263924690886, 1.0, 0.42628822505791886, 0.9989613889224706, 1.0, 1.0, 0.5877049384000881, 1.0, 1.0, 0.6370804624372929, 1.0, 0.9781634304427931, 0.9389789063944027, 1.0, 1.0, 0.8952853846907115, 0.14625243467157922, 0.8157872443080463, 0.9496090617499654, 0.9157935219672309, 1.0], [0.040389482344981825, 0.2071919719993817, 0.9849059446985746, 0.061930663463010634, 0.600699279527364, 0.13013601760965188, 1.0, 0.9357170408221551, 0.7379722421023023, 0.05338302205539006, 0.06784675534041781, 0.9064505221110137, 0.15016755593503145, 0.9517409037502836, 1.0, 1.0, 0.23448880525625448, 0.9121068602778674, 1.0, 1.0, 0.10119557648578466, 0.09223133242892283, 0.9555234034048595, 1.0, 0.19405779117819222, 0.004418023637907484, 1.0, 0.12156894402133926, 0.059516957839184086, 0.9983252515062274, 1.0, 0.9517341893664203, 1.0, 0.5001231439389263, 1.0, 0.6146420244410371, 0.09725743722891095, 0.07507268648793537, 0.05614015814387264, 0.04164444382995805, 0.13374852563969084, 0.2713241818224069, 1.0, 0.7351434861169706, 0.9067076758925051, 0.19924535070462285, 1.0, 0.9641558636049835, 1.0, 1.0])), 0), BlackBoxOptim.Candidate{Float64}([0.6046131756216298, 0.3158719041406822], 4, 47.0, BlackBoxOptim.AdaptiveDiffEvoRandBin{3}(BlackBoxOptim.AdaptiveDiffEvoParameters(BlackBoxOptim.BimodalCauchy(Distributions.Cauchy{Float64}(μ=0.65, σ=0.1), Distributions.Cauchy{Float64}(μ=1.0, σ=0.1), 0.5, false, true), BlackBoxOptim.BimodalCauchy(Distributions.Cauchy{Float64}(μ=0.1, σ=0.1), Distributions.Cauchy{Float64}(μ=0.95, σ=0.1), 0.5, false, true), [0.8399953565480651, 0.4885191163870437, 0.6909533283954313, 1.0, 0.6652704460445533, 0.8553279518267578, 1.0, 0.9581650772524141, 0.7028898839785801, 0.7843303898846435, 1.0, 0.755147862917776, 0.8513185796409206, 1.0, 0.6174760088429951, 0.6040241830952585, 0.663387423628119, 1.0, 0.9309713564083161, 0.3402760260787805, 1.0, 1.0, 0.6794547056835065, 0.6192172649298773, 0.7621990939568564, 0.5012032536745668, 0.6354561409210916, 0.8858957959300648, 0.39461765921970626, 0.5712263924690886, 1.0, 0.42628822505791886, 0.9989613889224706, 1.0, 1.0, 0.5877049384000881, 1.0, 1.0, 0.6370804624372929, 1.0, 0.9781634304427931, 0.9389789063944027, 1.0, 1.0, 0.8952853846907115, 0.14625243467157922, 0.8157872443080463, 0.9496090617499654, 0.9157935219672309, 1.0], [0.040389482344981825, 0.2071919719993817, 0.9849059446985746, 0.061930663463010634, 0.600699279527364, 0.13013601760965188, 1.0, 0.9357170408221551, 0.7379722421023023, 0.05338302205539006, 0.06784675534041781, 0.9064505221110137, 0.15016755593503145, 0.9517409037502836, 1.0, 1.0, 0.23448880525625448, 0.9121068602778674, 1.0, 1.0, 0.10119557648578466, 0.09223133242892283, 0.9555234034048595, 1.0, 0.19405779117819222, 0.004418023637907484, 1.0, 0.12156894402133926, 0.059516957839184086, 0.9983252515062274, 1.0, 0.9517341893664203, 1.0, 0.5001231439389263, 1.0, 0.6146420244410371, 0.09725743722891095, 0.07507268648793537, 0.05614015814387264, 0.04164444382995805, 0.13374852563969084, 0.2713241818224069, 1.0, 0.7351434861169706, 0.9067076758925051, 0.19924535070462285, 1.0, 0.9641558636049835, 1.0, 1.0])), 0)], Base.Threads.SpinLock(0))))
