Optimization summary
Timestamp: 2026-03-26T18:12:28.055
Tspan = (0, 50)
#timepoints = 500

Best parameters:
param[1] = -0.5997020797546854
param[2] = 0.9087692521631467

Best score (mean metric): -54.333333333333336

BlackBoxOptim summary:

BlackBoxOptim.OptimizationResults("adaptive_de_rand_1_bin_radiuslimited", "Max time (60.0 s) reached", 82, 1.774563088004169e9, 60.050137996673584, ParamsDictChain[ParamsDictChain[Dict{Symbol, Any}(:NumDimensions => 2, :MaxTime => 60.0, :SearchRange => [(-1.0, 1.0), (-1.0, 1.0)], :TraceMode => :compact, :MaxFuncEvals => 0, :MaxSteps => 0),Dict{Symbol, Any}()],Dict{Symbol, Any}(:CallbackInterval => -1.0, :TargetFitness => nothing, :TraceMode => :compact, :FitnessScheme => ScalarFitnessScheme{true}(), :MinDeltaFitnessTolerance => 1.0e-50, :NumDimensions => :NotSpecified, :FitnessTolerance => 1.0e-8, :TraceInterval => 0.5, :MaxStepsWithoutProgress => 10000, :MaxSteps => 10000, :SaveParameters => false, :CallbackFunction => BlackBoxOptim.var"#114#115"(), :PopulationSize => 50, :SearchSpace => false, :MaxTime => 0.0, :SearchRange => (-1.0, 1.0), :Method => :adaptive_de_rand_1_bin_radiuslimited, :NumRepetitions => 1, :MaxNumStepsWithoutFuncEvals => 100, :MaxFuncEvals => 0, :SaveTrace => false, :SaveFitnessTraceToCsv => false)], 139, ScalarFitnessScheme{true}(), BlackBoxOptim.TopListArchiveOutput{Float64, Vector{Float64}}(54.333333333333336, [-0.5997020797546854, 0.9087692521631467]), BlackBoxOptim.PopulationOptimizerOutput{FitPopulation{Float64}}(FitPopulation{Float64}([-0.137220367690805 -0.7438093982025868 -0.2900322376017026 0.468044633420563 -0.5520249354360338 0.602338668549741 0.8391227887870565 0.8741296722238892 -0.9931435599260612 -0.6482655300789826 -0.3184226342770129 -0.49708854582068573 -0.03500832171692392 -0.864229785303366 0.5538205840848271 -0.5024302749818692 -0.7092973923069217 -0.22034467216811815 -0.9757792175466877 0.9082426076612271 -0.7681781220986112 0.6507623890963661 -0.004612419649152599 -0.8033789088549419 0.037951983272723755 0.3029729394111329 0.11047663050712675 -0.22013519368339296 -0.3201333883424927 0.7696877892034855 -0.03425430005814023 0.1274575961806183 -0.4017303618398037 -0.300293162799533 -0.45269869350950465 0.20524102624883445 0.3604109965098009 -0.07063581786950901 -0.2670902637482381 0.5739598097555425 -0.10747517648174554 0.7317561944693618 -0.9058755342240316 -0.718907654726374 -0.3740857873691257 -0.08147710086623983 0.6307323346712761 0.38286345510091824 -0.5997020797546854 0.7838196933129133; 0.3029685581421603 -0.4420322150841678 0.5923724286915526 0.8424836707740984 -0.9301422379627655 0.23485059239286055 -0.3429353159201691 0.8459903322891815 -0.9524907516284228 0.8778702493929721 0.8414731527845085 0.7299754033482285 0.65814588872582 -0.7251308342566378 0.9496997640153806 0.5094785850944488 -0.8472738286565229 0.9250111686902032 -0.5388302216365584 0.6583082606988362 -0.691464645693654 -0.4144480745388026 -0.9166959803932501 -0.7379203221994142 0.4053076502898154 0.8137850693417445 -0.04227160554423093 0.8128275465481642 0.26138738780411164 0.44635329515854116 0.21336322757849457 0.8432694818461403 0.6251504968894657 0.36812436800516246 0.3417821987659908 0.7300610139414543 0.34144277810655255 0.5819342648823786 0.18490848290412004 0.5402549844646265 0.6167988277608383 0.19026420688798917 -0.6382651918432618 0.8981952133245726 -0.8551972873493809 0.26366913568782246 0.012141954362370255 0.27486683672074785 0.9087692521631467 -0.2777836525221332], NaN, [56.333333333333336, 102.5, 56.25, NaN, NaN, 83.625, NaN, 77.375, 60.5, 57.333333333333336, 57.0, 54.333333333333336, NaN, NaN, 66.6, NaN, 61.0, NaN, 70.33333333333333, 80.0, NaN, NaN, 123.75, 61.833333333333336, 62.125, NaN, NaN, 59.666666666666664, 72.0, NaN, 58.888888888888886, 63.875, NaN, 62.125, NaN, NaN, 77.5, NaN, 74.0, NaN, 58.77777777777778, NaN, NaN, 61.75, 100.5, 60.0, 86.0, NaN, NaN, 99.5], 0, BlackBoxOptim.Candidate{Float64}[BlackBoxOptim.Candidate{Float64}([-0.9757792175466877, -0.5388302216365584], 19, 70.33333333333333, BlackBoxOptim.AdaptiveDiffEvoRandBin{3}(BlackBoxOptim.AdaptiveDiffEvoParameters(BlackBoxOptim.BimodalCauchy(Distributions.Cauchy{Float64}(μ=0.65, σ=0.1), Distributions.Cauchy{Float64}(μ=1.0, σ=0.1), 0.5, false, true), BlackBoxOptim.BimodalCauchy(Distributions.Cauchy{Float64}(μ=0.1, σ=0.1), Distributions.Cauchy{Float64}(μ=0.95, σ=0.1), 0.5, false, true), [1.0, 0.5191220340326225, 0.6495212380823723, 1.0, 0.49776880272233004, 0.6618281562675372, 0.9927965706908473, 0.8061722639560693, 0.6936698084835132, 0.8711567473760623, 0.18065851766355856, 0.7850054309554987, 1.0, 0.08477064155461489, 1.0, 1.0, 0.8712648502275685, 0.14888208668071934, 0.8830876974734803, 0.6083890647521376, 0.8217646598245093, 1.0, 0.4854987920141801, 0.770901732930825, 1.0, 0.861911207616652, 0.6656063529515445, 1.0, 0.631727222417618, 1.0, 1.0, 0.9478515433856399, 0.9194648509271438, 0.34473435302978694, 0.6029919255957275, 0.7665443130128172, 1.0, 0.936756182736601, 0.46385332988406125, 0.9199279566815194, 0.6121476472896874, 1.0, 0.9561124476574419, 0.9443044431604782, 0.8026388270957162, 0.39743332925653263, 0.518339909626154, 0.9941254382780379, 1.0, 0.5289123749037564], [0.1423063441296129, 0.001952152201754348, 0.3280530626703847, 0.08256337570881044, 0.16462073445060937, 0.0770619189965602, 0.2654350460983004, 0.06863332012755827, 0.09733537638850537, 1.0, 1.0, 0.6065644801127081, 1.0, 0.794165037991348, 0.06706782546122744, 0.737593734891782, 0.13478525065372193, 1.0, 1.0, 0.19526196354663275, 1.0, 1.0, 0.05996840930906114, 1.0, 0.15615940510193801, 1.0, 0.9108453549824541, 0.10630532601493876, 0.016807848014530807, 0.07715371252044466, 1.0, 0.06739227813796442, 0.12702074330808383, 0.715208075549626, 0.10797742073805987, 1.0, 0.03750551878367724, 0.9994586776972065, 0.9407297984178412, 0.08247754812770042, 1.0, 0.8045054104611786, 1.0, 1.0, 0.6705904591032201, 1.0, 0.03586619054834132, 0.36939750779752745, 0.13338026255711316, 0.05323038587355962])), 0), BlackBoxOptim.Candidate{Float64}([0.12159407447422765, -0.9069900436803022], 19, 126.0, BlackBoxOptim.AdaptiveDiffEvoRandBin{3}(BlackBoxOptim.AdaptiveDiffEvoParameters(BlackBoxOptim.BimodalCauchy(Distributions.Cauchy{Float64}(μ=0.65, σ=0.1), Distributions.Cauchy{Float64}(μ=1.0, σ=0.1), 0.5, false, true), BlackBoxOptim.BimodalCauchy(Distributions.Cauchy{Float64}(μ=0.1, σ=0.1), Distributions.Cauchy{Float64}(μ=0.95, σ=0.1), 0.5, false, true), [1.0, 0.5191220340326225, 0.6495212380823723, 1.0, 0.49776880272233004, 0.6618281562675372, 0.9927965706908473, 0.8061722639560693, 0.6936698084835132, 0.8711567473760623, 0.18065851766355856, 0.7850054309554987, 1.0, 0.08477064155461489, 1.0, 1.0, 0.8712648502275685, 0.14888208668071934, 0.8830876974734803, 0.6083890647521376, 0.8217646598245093, 1.0, 0.4854987920141801, 0.770901732930825, 1.0, 0.861911207616652, 0.6656063529515445, 1.0, 0.631727222417618, 1.0, 1.0, 0.9478515433856399, 0.9194648509271438, 0.34473435302978694, 0.6029919255957275, 0.7665443130128172, 1.0, 0.936756182736601, 0.46385332988406125, 0.9199279566815194, 0.6121476472896874, 1.0, 0.9561124476574419, 0.9443044431604782, 0.8026388270957162, 0.39743332925653263, 0.518339909626154, 0.9941254382780379, 1.0, 0.5289123749037564], [0.1423063441296129, 0.001952152201754348, 0.3280530626703847, 0.08256337570881044, 0.16462073445060937, 0.0770619189965602, 0.2654350460983004, 0.06863332012755827, 0.09733537638850537, 1.0, 1.0, 0.6065644801127081, 1.0, 0.794165037991348, 0.06706782546122744, 0.737593734891782, 0.13478525065372193, 1.0, 1.0, 0.19526196354663275, 1.0, 1.0, 0.05996840930906114, 1.0, 0.15615940510193801, 1.0, 0.9108453549824541, 0.10630532601493876, 0.016807848014530807, 0.07715371252044466, 1.0, 0.06739227813796442, 0.12702074330808383, 0.715208075549626, 0.10797742073805987, 1.0, 0.03750551878367724, 0.9994586776972065, 0.9407297984178412, 0.08247754812770042, 1.0, 0.8045054104611786, 1.0, 1.0, 0.6705904591032201, 1.0, 0.03586619054834132, 0.36939750779752745, 0.13338026255711316, 0.05323038587355962])), 0)], Base.Threads.SpinLock(0))))
