Optimization summary
Timestamp: 2026-03-26T18:36:55.309
Tspan = (0, 50)
#timepoints = 500

Best parameters:
param[1] = -0.9739314247765488
param[2] = -0.39654018051215123

Best score (mean metric): -29.0

BlackBoxOptim summary:

BlackBoxOptim.OptimizationResults("adaptive_de_rand_1_bin_radiuslimited", "Max time (60.0 s) reached", 175, 1.774564555263958e9, 60.04370713233948, ParamsDictChain[ParamsDictChain[Dict{Symbol, Any}(:NumDimensions => 2, :MaxTime => 60.0, :SearchRange => [(-1.0, 1.0), (-1.0, 1.0)], :TraceMode => :compact, :MaxFuncEvals => 0, :MaxSteps => 0),Dict{Symbol, Any}()],Dict{Symbol, Any}(:CallbackInterval => -1.0, :TargetFitness => nothing, :TraceMode => :compact, :FitnessScheme => ScalarFitnessScheme{true}(), :MinDeltaFitnessTolerance => 1.0e-50, :NumDimensions => :NotSpecified, :FitnessTolerance => 1.0e-8, :TraceInterval => 0.5, :MaxStepsWithoutProgress => 10000, :MaxSteps => 10000, :SaveParameters => false, :CallbackFunction => BlackBoxOptim.var"#114#115"(), :PopulationSize => 50, :SearchSpace => false, :MaxTime => 0.0, :SearchRange => (-1.0, 1.0), :Method => :adaptive_de_rand_1_bin_radiuslimited, :NumRepetitions => 1, :MaxNumStepsWithoutFuncEvals => 100, :MaxFuncEvals => 0, :SaveTrace => false, :SaveFitnessTraceToCsv => false)], 261, ScalarFitnessScheme{true}(), BlackBoxOptim.TopListArchiveOutput{Float64, Vector{Float64}}(29.0, [-0.9739314247765488, -0.39654018051215123]), BlackBoxOptim.PopulationOptimizerOutput{FitPopulation{Float64}}(FitPopulation{Float64}([-0.17739418562954856 -0.9739314247765488 -0.8099178830124942 -0.7759028454287028 -0.6593282803011659 -0.2757606092334659 0.2785240823858536 -0.831808137730163 -0.9912565338072468 -0.2141677774652746 -0.7611176531289989 -0.9296637020390555 -0.9446160181154984 -0.9389379286054738 -0.7478563415952416 -0.5024302749818692 -0.48752331997874127 -0.9784399306607408 -0.30410032862340775 -0.9477344064080755 -0.7681781220986112 -0.92325932209766 -0.9272162883968406 -0.632510110489217 -0.6108825999509357 -0.6410817639121391 0.3608625842155172 -0.5934179794264766 -0.3201333883424927 -0.9574154523580439 -0.2765006003172792 -0.4398614713623586 -0.4017303618398037 -0.5967432569278371 -0.45269869350950465 -0.11994723327401416 -0.656870722137544 -0.07063581786950901 -0.43183300798551527 0.5739598097555425 -0.10747517648174554 -0.5473834439995124 -0.9058755342240316 0.36793054914731627 -0.4177453417310896 -0.8591903656830241 0.6307323346712761 0.38286345510091824 -0.07072663494721976 -0.008433399649574902; 0.3954181034201165 -0.39654018051215123 -0.7884130494767299 -0.641443431493641 -0.9742932130226707 -0.970101609109276 0.6591959391780905 -0.6063257178224526 -0.779667231120176 -0.9975145096570907 -0.14326789970663667 -0.8070801316679906 -0.928530772127605 -0.7251308342566378 0.712878522965416 0.5094785850944488 0.6305607788613982 0.3231779724743693 -0.5388302216365584 0.2946814424953599 -0.5935959392472341 -0.35260910677817414 -0.8306913657648269 -0.938538386397847 -0.9681518906249206 -0.7165214987458015 0.878658707656367 -0.508793516651949 0.20872899674482126 0.44635329515854116 0.4825017360707884 0.6805740958480968 -0.9981445160143714 0.9633473055683661 0.3417821987659908 0.999457361328781 -0.09490475919272712 0.5819342648823786 0.7846498799716932 0.9485435471814557 0.6167988277608383 -0.7835418806607538 -0.6382651918432618 0.9849182394931111 -0.4322806013871529 -0.622185764643568 -0.6494628928761872 0.1782358119310823 0.02535153770910692 -0.5647659096309898], NaN, [NaN, 29.0, 29.5, 35.5, 36.5, 65.25, 81.0, 31.0, NaN, 73.75, 91.0, 30.5, 35.25, 31.0, 81.75, NaN, 80.5, 80.75, 94.25, 79.5, 34.5, 36.5, 30.5, 36.0, 36.5, 47.25, 80.5, 90.0, 77.25, 82.0, 80.25, 79.5, 48.75, 79.0, NaN, 79.0, NaN, NaN, 79.75, 90.0, 80.5, 58.5, NaN, 80.25, 86.75, 30.75, NaN, 95.0, 80.25, 93.5], 0, BlackBoxOptim.Candidate{Float64}[BlackBoxOptim.Candidate{Float64}([-0.9477344064080755, 0.2946814424953599], 20, 79.5, BlackBoxOptim.AdaptiveDiffEvoRandBin{3}(BlackBoxOptim.AdaptiveDiffEvoParameters(BlackBoxOptim.BimodalCauchy(Distributions.Cauchy{Float64}(μ=0.65, σ=0.1), Distributions.Cauchy{Float64}(μ=1.0, σ=0.1), 0.5, false, true), BlackBoxOptim.BimodalCauchy(Distributions.Cauchy{Float64}(μ=0.1, σ=0.1), Distributions.Cauchy{Float64}(μ=0.95, σ=0.1), 0.5, false, true), [0.9149039977131959, 0.9963647952645247, 0.9511960925627361, 0.5864357184229797, 0.5829879851250223, 1.0, 1.0, 0.9581650772524141, 0.6936698084835132, 0.5550982124773547, 0.6267801512277145, 0.7323570939618124, 0.8636720014274514, 1.0, 0.6618281562675372, 0.8128143882859606, 0.9728203511966375, 1.0, 0.2823568893905469, 0.6646061008474049, 1.0, 0.7726089695416538, 0.8083327601442627, 1.0, 1.0, 1.0, 0.5709508592161927, 1.0, 0.5686625317802564, 1.0, 0.6741129049737118, 0.6139495696723942, 0.885794620623964, 0.672749337597265, 0.8246461707203006, 0.8334317371486863, 0.9361881540862819, 1.0, 0.46385332988406125, 0.9522831648792023, 0.9961707448688608, 0.9613053590780584, 1.0, 1.0, 0.7447401642819835, 0.6097432328097067, 0.518339909626154, 1.0, 0.13176162075465148, 0.5289123749037564], [0.9904724224130065, 0.34267669343832696, 0.27161638270134625, 0.4200553381904292, 0.11250738074052484, 1.0, 0.0704639098731451, 0.9357170408221551, 0.09733537638850537, 0.920595275855086, 0.04141071035546982, 1.0, 0.13201689245952586, 0.9849082060508076, 0.0770619189965602, 0.11698191513627947, 0.8155210594850414, 0.9429792148181073, 0.4720601574836082, 0.05895129196523455, 0.5450492655412918, 0.9735998576387448, 0.48332812170215045, 0.07416710907535125, 0.4482190328684248, 1.0, 1.0, 1.0, 1.0, 0.11294439182457557, 1.0, 0.8428344724913324, 0.906060374646478, 0.6892017542556382, 0.17578345043867794, 0.6961933600106629, 0.9130405485823367, 0.1137753025698934, 0.9407297984178412, 0.8600388929058276, 0.8648240965458354, 1.0, 0.7712790212838347, 0.8907661091573996, 1.0, 1.0, 0.03586619054834132, 0.19952399799373166, 0.2308838859175698, 0.05323038587355962])), 0), BlackBoxOptim.Candidate{Float64}([-0.040348739305747006, 0.5812768365152752], 20, 82.5, BlackBoxOptim.AdaptiveDiffEvoRandBin{3}(BlackBoxOptim.AdaptiveDiffEvoParameters(BlackBoxOptim.BimodalCauchy(Distributions.Cauchy{Float64}(μ=0.65, σ=0.1), Distributions.Cauchy{Float64}(μ=1.0, σ=0.1), 0.5, false, true), BlackBoxOptim.BimodalCauchy(Distributions.Cauchy{Float64}(μ=0.1, σ=0.1), Distributions.Cauchy{Float64}(μ=0.95, σ=0.1), 0.5, false, true), [0.9149039977131959, 0.9963647952645247, 0.9511960925627361, 0.5864357184229797, 0.5829879851250223, 1.0, 1.0, 0.9581650772524141, 0.6936698084835132, 0.5550982124773547, 0.6267801512277145, 0.7323570939618124, 0.8636720014274514, 1.0, 0.6618281562675372, 0.8128143882859606, 0.9728203511966375, 1.0, 0.2823568893905469, 0.6646061008474049, 1.0, 0.7726089695416538, 0.8083327601442627, 1.0, 1.0, 1.0, 0.5709508592161927, 1.0, 0.5686625317802564, 1.0, 0.6741129049737118, 0.6139495696723942, 0.885794620623964, 0.672749337597265, 0.8246461707203006, 0.8334317371486863, 0.9361881540862819, 1.0, 0.46385332988406125, 0.9522831648792023, 0.9961707448688608, 0.9613053590780584, 1.0, 1.0, 0.7447401642819835, 0.6097432328097067, 0.518339909626154, 1.0, 0.13176162075465148, 0.5289123749037564], [0.9904724224130065, 0.34267669343832696, 0.27161638270134625, 0.4200553381904292, 0.11250738074052484, 1.0, 0.0704639098731451, 0.9357170408221551, 0.09733537638850537, 0.920595275855086, 0.04141071035546982, 1.0, 0.13201689245952586, 0.9849082060508076, 0.0770619189965602, 0.11698191513627947, 0.8155210594850414, 0.9429792148181073, 0.4720601574836082, 0.05895129196523455, 0.5450492655412918, 0.9735998576387448, 0.48332812170215045, 0.07416710907535125, 0.4482190328684248, 1.0, 1.0, 1.0, 1.0, 0.11294439182457557, 1.0, 0.8428344724913324, 0.906060374646478, 0.6892017542556382, 0.17578345043867794, 0.6961933600106629, 0.9130405485823367, 0.1137753025698934, 0.9407297984178412, 0.8600388929058276, 0.8648240965458354, 1.0, 0.7712790212838347, 0.8907661091573996, 1.0, 1.0, 0.03586619054834132, 0.19952399799373166, 0.2308838859175698, 0.05323038587355962])), 0)], Base.Threads.SpinLock(0))))
