Optimization summary
Timestamp: 2026-03-26T18:42:54.845
Tspan = (0, 50)
#timepoints = 500

Best parameters:
param[1] = -0.19013484777094591
param[2] = 0.5518807865240292

Best score (mean metric): -10.0

BlackBoxOptim summary:

BlackBoxOptim.OptimizationResults("adaptive_de_rand_1_bin_radiuslimited", "Max time (60.0 s) reached", 346, 1.774564914715884e9, 60.12758493423462, ParamsDictChain[ParamsDictChain[Dict{Symbol, Any}(:NumDimensions => 2, :MaxTime => 60.0, :SearchRange => [(-1.0, 1.0), (-1.0, 1.0)], :TraceMode => :compact, :MaxFuncEvals => 0, :MaxSteps => 0),Dict{Symbol, Any}()],Dict{Symbol, Any}(:CallbackInterval => -1.0, :TargetFitness => nothing, :TraceMode => :compact, :FitnessScheme => ScalarFitnessScheme{true}(), :MinDeltaFitnessTolerance => 1.0e-50, :NumDimensions => :NotSpecified, :FitnessTolerance => 1.0e-8, :TraceInterval => 0.5, :MaxStepsWithoutProgress => 10000, :MaxSteps => 10000, :SaveParameters => false, :CallbackFunction => BlackBoxOptim.var"#114#115"(), :PopulationSize => 50, :SearchSpace => false, :MaxTime => 0.0, :SearchRange => (-1.0, 1.0), :Method => :adaptive_de_rand_1_bin_radiuslimited, :NumRepetitions => 1, :MaxNumStepsWithoutFuncEvals => 100, :MaxFuncEvals => 0, :SaveTrace => false, :SaveFitnessTraceToCsv => false)], 458, ScalarFitnessScheme{true}(), BlackBoxOptim.TopListArchiveOutput{Float64, Vector{Float64}}(10.0, [-0.19013484777094591, 0.5518807865240292]), BlackBoxOptim.PopulationOptimizerOutput{FitPopulation{Float64}}(FitPopulation{Float64}([-0.17739418562954856 -0.9242301828719605 -0.8050567578074315 0.468044633420563 -0.9402535711798541 -0.25070727295632755 -0.47635942967730666 -0.3857710386715044 -0.3859040863287502 -0.36399483013199574 -0.009014837277097842 -0.49708854582068573 -0.18367921900767517 -0.3001415533442309 0.12908979024936307 -0.5547256767540625 -0.24250442241085413 -0.31184031044475014 -0.16164676092753205 -0.988829345272711 0.010647975894666706 -0.3074851460383152 -0.7929386207934215 -0.4986082968373675 0.12212031663619168 0.19114378853643998 -0.07971549382586268 -0.18630461394658746 -0.2241664090952742 -0.2174674266711419 -0.45314525440992115 -0.1873537095770356 -0.12734091243387177 -0.05075730066032019 -0.23976581330264476 -0.4149441560396544 -0.43153853875604986 -0.17075932686064013 0.07448860355347481 0.5739598097555425 -0.19013484777094591 -0.040006904165280494 -0.9058755342240316 -0.690063399124501 0.09480104348990026 -0.08147710086623983 -0.7139456875249747 -0.050276771687140176 -0.5997020797546854 -0.46450526638226275; 0.3954181034201165 -0.13834204588622132 -0.7884130494767299 0.8424836707740984 -0.8380059885985676 0.9714976833291609 0.25895701921597003 0.9918203287378845 0.8761373101046485 0.9252223137323872 0.5784310163473838 0.9334815712594929 0.4194914274233035 0.9252537542330238 0.9288079472143697 0.9861710874228387 0.7759932894238947 0.9250111686902032 0.9943318944703223 -0.8077883967642597 0.7993026358276718 0.36301570088181 -0.9166959803932501 0.9752708029023439 0.8838444720724603 0.8137850693417445 0.4906109984381738 0.6287104354287363 0.8804948449201115 0.789194340759381 0.9244458150655046 0.8754474640373174 0.34266149652493216 0.48331691055271986 0.4533638403162397 0.9632488407289935 0.8691924816773581 0.6303910234758846 0.7172127594271436 0.5402549844646265 0.5518807865240292 0.6050285079201988 -0.6382651918432618 0.9068481222381829 0.9599958436343525 0.26366913568782246 -0.7038317215599171 0.15943039451812302 0.9087692521631467 0.9583621912849845], NaN, [NaN, 112.0, 38.0, NaN, 37.5, 11.0, 55.5, 11.5, 13.0, 11.5, 25.5, 19.5, 13.0, 10.0, 31.0, 19.0, 10.5, 10.0, 15.0, 36.5, 26.0, 37.75, 43.0, 18.0, 31.0, 38.5, 15.0, 11.5, 11.0, 11.0, 16.5, 12.0, 10.5, 20.0, 18.5, 12.5, 17.5, 11.0, 30.0, NaN, 10.0, 23.5, NaN, 33.5, 30.0, 10.5, 46.5, 10.5, NaN, 16.5], 0, BlackBoxOptim.Candidate{Float64}[BlackBoxOptim.Candidate{Float64}([-0.3074851460383152, 0.36301570088181], 22, 37.75, BlackBoxOptim.AdaptiveDiffEvoRandBin{3}(BlackBoxOptim.AdaptiveDiffEvoParameters(BlackBoxOptim.BimodalCauchy(Distributions.Cauchy{Float64}(μ=0.65, σ=0.1), Distributions.Cauchy{Float64}(μ=1.0, σ=0.1), 0.5, false, true), BlackBoxOptim.BimodalCauchy(Distributions.Cauchy{Float64}(μ=0.1, σ=0.1), Distributions.Cauchy{Float64}(μ=0.95, σ=0.1), 0.5, false, true), [0.7330487533251144, 0.5191220340326225, 1.0, 0.9628658364415462, 0.39013127490901794, 0.4456026053907689, 0.48353206205061083, 1.0, 1.0, 0.9271612733199808, 0.7223307718947083, 0.7850054309554987, 0.9960479496520751, 0.9661256757830473, 0.9717501519809602, 0.07086163594837269, 0.7310782008107152, 0.6373655277386907, 0.5366981954713297, 0.3402760260787805, 0.6661494156654606, 1.0, 0.9250209793266739, 0.8754919188799374, 0.6857417576552198, 0.7690994955004838, 0.9319634579145559, 1.0, 0.9340149583341637, 0.46757960173788443, 0.6584457706109708, 0.47484867326998703, 0.6788721929159064, 1.0, 0.8051172228226182, 0.7688199495813315, 1.0, 1.0, 1.0, 0.5009466019799861, 0.8018219039557422, 1.0, 0.93206263457136, 0.6778401399112867, 1.0, 0.7072264924474969, 0.9747028909892833, 0.7810638496461988, 1.0, 1.0], [0.23858946255360403, 0.001952152201754348, 0.5261243085672876, 0.9065611598983979, 0.7990123171360527, 0.8876416085378164, 0.1000052438041772, 1.0, 0.15269872048005187, 0.9579763612850412, 1.0, 0.6065644801127081, 0.6923348054779849, 0.6212358900230328, 0.11035784851293372, 1.0, 1.0, 1.0, 0.13037433916683688, 1.0, 0.17776726772964005, 0.6094940786981086, 0.35312195522228895, 1.0, 1.0, 0.9137687238611834, 0.9206871147686224, 0.9471962546014765, 0.2279362016916834, 1.0, 0.03126031359674544, 0.1549896284743374, 0.8649502926578998, 0.13844178344572478, 0.8965259849249582, 0.1031070874589623, 0.09725743722891095, 1.0, 0.9322393856260629, 0.7030652869186585, 0.0721821105886875, 0.8567907067639127, 0.626522460091242, 0.9623934537317917, 0.03481667099772101, 0.15661254039139344, 1.0, 1.0, 0.911369133714997, 0.1265060184124956])), 0), BlackBoxOptim.Candidate{Float64}([-0.6016148115783017, 0.6954202110071033], 22, 40.75, BlackBoxOptim.AdaptiveDiffEvoRandBin{3}(BlackBoxOptim.AdaptiveDiffEvoParameters(BlackBoxOptim.BimodalCauchy(Distributions.Cauchy{Float64}(μ=0.65, σ=0.1), Distributions.Cauchy{Float64}(μ=1.0, σ=0.1), 0.5, false, true), BlackBoxOptim.BimodalCauchy(Distributions.Cauchy{Float64}(μ=0.1, σ=0.1), Distributions.Cauchy{Float64}(μ=0.95, σ=0.1), 0.5, false, true), [0.7330487533251144, 0.5191220340326225, 1.0, 0.9628658364415462, 0.39013127490901794, 0.4456026053907689, 0.48353206205061083, 1.0, 1.0, 0.9271612733199808, 0.7223307718947083, 0.7850054309554987, 0.9960479496520751, 0.9661256757830473, 0.9717501519809602, 0.07086163594837269, 0.7310782008107152, 0.6373655277386907, 0.5366981954713297, 0.3402760260787805, 0.6661494156654606, 1.0, 0.9250209793266739, 0.8754919188799374, 0.6857417576552198, 0.7690994955004838, 0.9319634579145559, 1.0, 0.9340149583341637, 0.46757960173788443, 0.6584457706109708, 0.47484867326998703, 0.6788721929159064, 1.0, 0.8051172228226182, 0.7688199495813315, 1.0, 1.0, 1.0, 0.5009466019799861, 0.8018219039557422, 1.0, 0.93206263457136, 0.6778401399112867, 1.0, 0.7072264924474969, 0.9747028909892833, 0.7810638496461988, 1.0, 1.0], [0.23858946255360403, 0.001952152201754348, 0.5261243085672876, 0.9065611598983979, 0.7990123171360527, 0.8876416085378164, 0.1000052438041772, 1.0, 0.15269872048005187, 0.9579763612850412, 1.0, 0.6065644801127081, 0.6923348054779849, 0.6212358900230328, 0.11035784851293372, 1.0, 1.0, 1.0, 0.13037433916683688, 1.0, 0.17776726772964005, 0.6094940786981086, 0.35312195522228895, 1.0, 1.0, 0.9137687238611834, 0.9206871147686224, 0.9471962546014765, 0.2279362016916834, 1.0, 0.03126031359674544, 0.1549896284743374, 0.8649502926578998, 0.13844178344572478, 0.8965259849249582, 0.1031070874589623, 0.09725743722891095, 1.0, 0.9322393856260629, 0.7030652869186585, 0.0721821105886875, 0.8567907067639127, 0.626522460091242, 0.9623934537317917, 0.03481667099772101, 0.15661254039139344, 1.0, 1.0, 0.911369133714997, 0.1265060184124956])), 0)], Base.Threads.SpinLock(0))))
